# energy dos
-7.693600000000000705e+01 0.000000000000000000e+00
-7.684690000000000509e+01 0.000000000000000000e+00
-7.675780000000000314e+01 0.000000000000000000e+00
-7.666870000000000118e+01 0.000000000000000000e+00
-7.657959999999999923e+01 0.000000000000000000e+00
-7.649050000000001148e+01 0.000000000000000000e+00
-7.640140000000000953e+01 0.000000000000000000e+00
-7.631230000000000757e+01 0.000000000000000000e+00
-7.622320000000000562e+01 0.000000000000000000e+00
-7.613410000000000366e+01 0.000000000000000000e+00
-7.604500000000000171e+01 0.000000000000000000e+00
-7.595589999999999975e+01 0.000000000000000000e+00
-7.586679999999999779e+01 0.000000000000000000e+00
-7.577770000000001005e+01 0.000000000000000000e+00
-7.568860000000000809e+01 0.000000000000000000e+00
-7.559950000000000614e+01 0.000000000000000000e+00
-7.551040000000000418e+01 0.000000000000000000e+00
-7.542130000000000223e+01 0.000000000000000000e+00
-7.533220000000000027e+01 0.000000000000000000e+00
-7.524309999999999832e+01 0.000000000000000000e+00
-7.515400000000001057e+01 0.000000000000000000e+00
-7.506490000000000862e+01 0.000000000000000000e+00
-7.497580000000000666e+01 0.000000000000000000e+00
-7.488670000000000471e+01 0.000000000000000000e+00
-7.479770000000000607e+01 0.000000000000000000e+00
-7.470860000000000412e+01 0.000000000000000000e+00
-7.461950000000000216e+01 0.000000000000000000e+00
-7.453040000000000020e+01 0.000000000000000000e+00
-7.444129999999999825e+01 0.000000000000000000e+00
-7.435220000000001050e+01 0.000000000000000000e+00
-7.426310000000000855e+01 0.000000000000000000e+00
-7.417400000000000659e+01 0.000000000000000000e+00
-7.408490000000000464e+01 0.000000000000000000e+00
-7.399580000000000268e+01 0.000000000000000000e+00
-7.390670000000000073e+01 0.000000000000000000e+00
-7.381759999999999877e+01 0.000000000000000000e+00
-7.372850000000001103e+01 0.000000000000000000e+00
-7.363940000000000907e+01 0.000000000000000000e+00
-7.355030000000000712e+01 0.000000000000000000e+00
-7.346120000000000516e+01 0.000000000000000000e+00
-7.337210000000000321e+01 0.000000000000000000e+00
-7.328300000000000125e+01 0.000000000000000000e+00
-7.319389999999999930e+01 0.000000000000000000e+00
-7.310479999999999734e+01 0.000000000000000000e+00
-7.301570000000000960e+01 0.000000000000000000e+00
-7.292660000000000764e+01 0.000000000000000000e+00
-7.283750000000000568e+01 9.924540000000000362e+01
-7.274840000000000373e+01 0.000000000000000000e+00
-7.265930000000000177e+01 0.000000000000000000e+00
-7.257019999999999982e+01 0.000000000000000000e+00
-7.248109999999999786e+01 0.000000000000000000e+00
-7.239200000000001012e+01 0.000000000000000000e+00
-7.230290000000000816e+01 0.000000000000000000e+00
-7.221390000000000953e+01 0.000000000000000000e+00
-7.212480000000000757e+01 0.000000000000000000e+00
-7.203570000000000562e+01 0.000000000000000000e+00
-7.194660000000000366e+01 0.000000000000000000e+00
-7.185750000000000171e+01 0.000000000000000000e+00
-7.176839999999999975e+01 0.000000000000000000e+00
-7.167929999999999779e+01 0.000000000000000000e+00
-7.159020000000001005e+01 0.000000000000000000e+00
-7.150110000000000809e+01 0.000000000000000000e+00
-7.141200000000000614e+01 0.000000000000000000e+00
-7.132290000000000418e+01 0.000000000000000000e+00
-7.123380000000000223e+01 0.000000000000000000e+00
-7.114470000000000027e+01 0.000000000000000000e+00
-7.105559999999999832e+01 0.000000000000000000e+00
-7.096650000000001057e+01 0.000000000000000000e+00
-7.087740000000000862e+01 0.000000000000000000e+00
-7.078830000000000666e+01 0.000000000000000000e+00
-7.069920000000000471e+01 0.000000000000000000e+00
-7.061010000000000275e+01 0.000000000000000000e+00
-7.052100000000000080e+01 0.000000000000000000e+00
-7.043189999999999884e+01 0.000000000000000000e+00
-7.034280000000001110e+01 0.000000000000000000e+00
-7.025370000000000914e+01 0.000000000000000000e+00
-7.016460000000000719e+01 0.000000000000000000e+00
-7.007550000000000523e+01 0.000000000000000000e+00
-6.998640000000000327e+01 0.000000000000000000e+00
-6.989730000000000132e+01 0.000000000000000000e+00
-6.980819999999999936e+01 0.000000000000000000e+00
-6.971920000000000073e+01 0.000000000000000000e+00
-6.963009999999999877e+01 0.000000000000000000e+00
-6.954100000000001103e+01 0.000000000000000000e+00
-6.945190000000000907e+01 0.000000000000000000e+00
-6.936280000000000712e+01 0.000000000000000000e+00
-6.927370000000000516e+01 0.000000000000000000e+00
-6.918460000000000321e+01 0.000000000000000000e+00
-6.909550000000000125e+01 0.000000000000000000e+00
-6.900639999999999930e+01 0.000000000000000000e+00
-6.891729999999999734e+01 0.000000000000000000e+00
-6.882820000000000960e+01 0.000000000000000000e+00
-6.873910000000000764e+01 0.000000000000000000e+00
-6.865000000000000568e+01 0.000000000000000000e+00
-6.856090000000000373e+01 0.000000000000000000e+00
-6.847180000000000177e+01 0.000000000000000000e+00
-6.838269999999999982e+01 0.000000000000000000e+00
-6.829359999999999786e+01 0.000000000000000000e+00
-6.820450000000001012e+01 0.000000000000000000e+00
-6.811540000000000816e+01 0.000000000000000000e+00
-6.802630000000000621e+01 0.000000000000000000e+00
-6.793720000000000425e+01 0.000000000000000000e+00
-6.784810000000000230e+01 0.000000000000000000e+00
-6.775900000000000034e+01 0.000000000000000000e+00
-6.766989999999999839e+01 0.000000000000000000e+00
-6.758080000000001064e+01 0.000000000000000000e+00
-6.749170000000000869e+01 0.000000000000000000e+00
-6.740260000000000673e+01 0.000000000000000000e+00
-6.731350000000000477e+01 0.000000000000000000e+00
-6.722440000000000282e+01 0.000000000000000000e+00
-6.713540000000000418e+01 0.000000000000000000e+00
-6.704630000000000223e+01 0.000000000000000000e+00
-6.695720000000000027e+01 0.000000000000000000e+00
-6.686809999999999832e+01 0.000000000000000000e+00
-6.677899999999999636e+01 0.000000000000000000e+00
-6.668989999999999441e+01 0.000000000000000000e+00
-6.660080000000000666e+01 0.000000000000000000e+00
-6.651170000000000471e+01 0.000000000000000000e+00
-6.642260000000000275e+01 0.000000000000000000e+00
-6.633350000000000080e+01 0.000000000000000000e+00
-6.624439999999999884e+01 0.000000000000000000e+00
-6.615529999999999688e+01 0.000000000000000000e+00
-6.606619999999999493e+01 0.000000000000000000e+00
-6.597710000000000719e+01 0.000000000000000000e+00
-6.588800000000000523e+01 0.000000000000000000e+00
-6.579890000000000327e+01 0.000000000000000000e+00
-6.570980000000000132e+01 0.000000000000000000e+00
-6.562069999999999936e+01 0.000000000000000000e+00
-6.553159999999999741e+01 0.000000000000000000e+00
-6.544249999999999545e+01 0.000000000000000000e+00
-6.535340000000000771e+01 0.000000000000000000e+00
-6.526430000000000575e+01 0.000000000000000000e+00
-6.517520000000000380e+01 0.000000000000000000e+00
-6.508610000000000184e+01 0.000000000000000000e+00
-6.499699999999999989e+01 0.000000000000000000e+00
-6.490789999999999793e+01 0.000000000000000000e+00
-6.481879999999999598e+01 0.000000000000000000e+00
-6.472969999999999402e+01 0.000000000000000000e+00
-6.464069999999999538e+01 0.000000000000000000e+00
-6.455160000000000764e+01 0.000000000000000000e+00
-6.446250000000000568e+01 0.000000000000000000e+00
-6.437340000000000373e+01 0.000000000000000000e+00
-6.428430000000000177e+01 0.000000000000000000e+00
-6.419519999999999982e+01 0.000000000000000000e+00
-6.410609999999999786e+01 0.000000000000000000e+00
-6.401699999999999591e+01 0.000000000000000000e+00
-6.392789999999999395e+01 0.000000000000000000e+00
-6.383879999999999910e+01 0.000000000000000000e+00
-6.374969999999999715e+01 0.000000000000000000e+00
-6.366059999999999519e+01 0.000000000000000000e+00
-6.357150000000000034e+01 0.000000000000000000e+00
-6.348239999999999839e+01 0.000000000000000000e+00
-6.339329999999999643e+01 0.000000000000000000e+00
-6.330419999999999447e+01 0.000000000000000000e+00
-6.321509999999999962e+01 0.000000000000000000e+00
-6.312599999999999767e+01 0.000000000000000000e+00
-6.303689999999999571e+01 0.000000000000000000e+00
-6.294779999999999376e+01 0.000000000000000000e+00
-6.285869999999999891e+01 0.000000000000000000e+00
-6.276959999999999695e+01 0.000000000000000000e+00
-6.268049999999999500e+01 0.000000000000000000e+00
-6.259140000000000015e+01 0.000000000000000000e+00
-6.250229999999999819e+01 0.000000000000000000e+00
-6.241319999999999624e+01 0.000000000000000000e+00
-6.232409999999999428e+01 0.000000000000000000e+00
-6.223499999999999943e+01 0.000000000000000000e+00
-6.214600000000000080e+01 0.000000000000000000e+00
-6.205689999999999884e+01 0.000000000000000000e+00
-6.196779999999999688e+01 0.000000000000000000e+00
-6.187869999999999493e+01 0.000000000000000000e+00
-6.178960000000000008e+01 0.000000000000000000e+00
-6.170049999999999812e+01 0.000000000000000000e+00
-6.161139999999999617e+01 0.000000000000000000e+00
-6.152229999999999421e+01 0.000000000000000000e+00
-6.143319999999999936e+01 0.000000000000000000e+00
-6.134409999999999741e+01 0.000000000000000000e+00
-6.125499999999999545e+01 0.000000000000000000e+00
-6.116590000000000060e+01 0.000000000000000000e+00
-6.107679999999999865e+01 0.000000000000000000e+00
-6.098769999999999669e+01 0.000000000000000000e+00
-6.089859999999999474e+01 0.000000000000000000e+00
-6.080949999999999989e+01 0.000000000000000000e+00
-6.072039999999999793e+01 0.000000000000000000e+00
-6.063129999999999598e+01 0.000000000000000000e+00
-6.054219999999999402e+01 0.000000000000000000e+00
-6.045309999999999917e+01 0.000000000000000000e+00
-6.036399999999999721e+01 0.000000000000000000e+00
-6.027489999999999526e+01 0.000000000000000000e+00
-6.018580000000000041e+01 0.000000000000000000e+00
-6.009669999999999845e+01 0.000000000000000000e+00
-6.000759999999999650e+01 0.000000000000000000e+00
-5.991849999999999454e+01 0.000000000000000000e+00
-5.982939999999999969e+01 0.000000000000000000e+00
-5.974029999999999774e+01 0.000000000000000000e+00
-5.965119999999999578e+01 0.000000000000000000e+00
-5.956219999999999715e+01 0.000000000000000000e+00
-5.947309999999999519e+01 0.000000000000000000e+00
-5.938400000000000034e+01 0.000000000000000000e+00
-5.929489999999999839e+01 0.000000000000000000e+00
-5.920579999999999643e+01 0.000000000000000000e+00
-5.911669999999999447e+01 0.000000000000000000e+00
-5.902759999999999962e+01 0.000000000000000000e+00
-5.893849999999999767e+01 0.000000000000000000e+00
-5.884939999999999571e+01 0.000000000000000000e+00
-5.876029999999999376e+01 0.000000000000000000e+00
-5.867119999999999891e+01 0.000000000000000000e+00
-5.858209999999999695e+01 0.000000000000000000e+00
-5.849299999999999500e+01 0.000000000000000000e+00
-5.840390000000000015e+01 0.000000000000000000e+00
-5.831479999999999819e+01 0.000000000000000000e+00
-5.822569999999999624e+01 0.000000000000000000e+00
-5.813659999999999428e+01 0.000000000000000000e+00
-5.804749999999999943e+01 0.000000000000000000e+00
-5.795839999999999748e+01 0.000000000000000000e+00
-5.786929999999999552e+01 0.000000000000000000e+00
-5.778020000000000067e+01 0.000000000000000000e+00
-5.769109999999999872e+01 0.000000000000000000e+00
-5.760199999999999676e+01 0.000000000000000000e+00
-5.751289999999999480e+01 0.000000000000000000e+00
-5.742379999999999995e+01 0.000000000000000000e+00
-5.733469999999999800e+01 0.000000000000000000e+00
-5.724559999999999604e+01 0.000000000000000000e+00
-5.715649999999999409e+01 0.000000000000000000e+00
-5.706749999999999545e+01 0.000000000000000000e+00
-5.697840000000000060e+01 0.000000000000000000e+00
-5.688929999999999865e+01 0.000000000000000000e+00
-5.680019999999999669e+01 0.000000000000000000e+00
-5.671109999999999474e+01 0.000000000000000000e+00
-5.662199999999999989e+01 0.000000000000000000e+00
-5.653289999999999793e+01 0.000000000000000000e+00
-5.644379999999999598e+01 0.000000000000000000e+00
-5.635469999999999402e+01 0.000000000000000000e+00
-5.626559999999999917e+01 0.000000000000000000e+00
-5.617649999999999721e+01 0.000000000000000000e+00
-5.608739999999999526e+01 0.000000000000000000e+00
-5.599830000000000041e+01 0.000000000000000000e+00
-5.590919999999999845e+01 0.000000000000000000e+00
-5.582009999999999650e+01 0.000000000000000000e+00
-5.573099999999999454e+01 0.000000000000000000e+00
-5.564189999999999969e+01 0.000000000000000000e+00
-5.555279999999999774e+01 0.000000000000000000e+00
-5.546369999999999578e+01 0.000000000000000000e+00
-5.537459999999999383e+01 0.000000000000000000e+00
-5.528549999999999898e+01 0.000000000000000000e+00
-5.519639999999999702e+01 0.000000000000000000e+00
-5.510729999999999507e+01 0.000000000000000000e+00
-5.501820000000000022e+01 0.000000000000000000e+00
-5.492909999999999826e+01 0.000000000000000000e+00
-5.483999999999999631e+01 0.000000000000000000e+00
-5.475089999999999435e+01 0.000000000000000000e+00
-5.466179999999999950e+01 0.000000000000000000e+00
-5.457269999999999754e+01 0.000000000000000000e+00
-5.448369999999999891e+01 0.000000000000000000e+00
-5.439459999999999695e+01 0.000000000000000000e+00
-5.430549999999999500e+01 0.000000000000000000e+00
-5.421640000000000015e+01 0.000000000000000000e+00
-5.412729999999999819e+01 0.000000000000000000e+00
-5.403819999999999624e+01 0.000000000000000000e+00
-5.394909999999999428e+01 0.000000000000000000e+00
-5.385999999999999943e+01 0.000000000000000000e+00
-5.377089999999999748e+01 0.000000000000000000e+00
-5.368179999999999552e+01 0.000000000000000000e+00
-5.359270000000000067e+01 0.000000000000000000e+00
-5.350359999999999872e+01 0.000000000000000000e+00
-5.341449999999999676e+01 0.000000000000000000e+00
-5.332539999999999480e+01 0.000000000000000000e+00
-5.323629999999999995e+01 0.000000000000000000e+00
-5.314719999999999800e+01 0.000000000000000000e+00
-5.305809999999999604e+01 0.000000000000000000e+00
-5.296899999999999409e+01 0.000000000000000000e+00
-5.287989999999999924e+01 0.000000000000000000e+00
-5.279079999999999728e+01 0.000000000000000000e+00
-5.270169999999999533e+01 0.000000000000000000e+00
-5.261260000000000048e+01 0.000000000000000000e+00
-5.252349999999999852e+01 0.000000000000000000e+00
-5.243439999999999657e+01 0.000000000000000000e+00
-5.234529999999999461e+01 0.000000000000000000e+00
-5.225619999999999976e+01 0.000000000000000000e+00
-5.216709999999999781e+01 0.000000000000000000e+00
-5.207799999999999585e+01 0.000000000000000000e+00
-5.198899999999999721e+01 0.000000000000000000e+00
-5.189989999999999526e+01 0.000000000000000000e+00
-5.181080000000000041e+01 0.000000000000000000e+00
-5.172169999999999845e+01 0.000000000000000000e+00
-5.163259999999999650e+01 0.000000000000000000e+00
-5.154349999999999454e+01 0.000000000000000000e+00
-5.145439999999999969e+01 0.000000000000000000e+00
-5.136529999999999774e+01 0.000000000000000000e+00
-5.127619999999999578e+01 0.000000000000000000e+00
-5.118709999999999383e+01 0.000000000000000000e+00
-5.109799999999999898e+01 0.000000000000000000e+00
-5.100889999999999702e+01 0.000000000000000000e+00
-5.091979999999999507e+01 0.000000000000000000e+00
-5.083070000000000022e+01 0.000000000000000000e+00
-5.074159999999999826e+01 0.000000000000000000e+00
-5.065249999999999631e+01 0.000000000000000000e+00
-5.056339999999999435e+01 0.000000000000000000e+00
-5.047429999999999950e+01 0.000000000000000000e+00
-5.038519999999999754e+01 0.000000000000000000e+00
-5.029609999999999559e+01 0.000000000000000000e+00
-5.020700000000000074e+01 0.000000000000000000e+00
-5.011789999999999878e+01 0.000000000000000000e+00
-5.002879999999999683e+01 0.000000000000000000e+00
-4.993969999999999487e+01 0.000000000000000000e+00
-4.985060000000000002e+01 0.000000000000000000e+00
-4.976149999999999807e+01 0.000000000000000000e+00
-4.967239999999999611e+01 0.000000000000000000e+00
-4.958329999999999416e+01 0.000000000000000000e+00
-4.949419999999999931e+01 0.000000000000000000e+00
-4.940520000000000067e+01 0.000000000000000000e+00
-4.931609999999999872e+01 0.000000000000000000e+00
-4.922699999999999676e+01 0.000000000000000000e+00
-4.913789999999999480e+01 0.000000000000000000e+00
-4.904879999999999995e+01 0.000000000000000000e+00
-4.895969999999999800e+01 0.000000000000000000e+00
-4.887059999999999604e+01 0.000000000000000000e+00
-4.878149999999999409e+01 0.000000000000000000e+00
-4.869239999999999924e+01 0.000000000000000000e+00
-4.860329999999999728e+01 0.000000000000000000e+00
-4.851419999999999533e+01 0.000000000000000000e+00
-4.842510000000000048e+01 0.000000000000000000e+00
-4.833599999999999852e+01 0.000000000000000000e+00
-4.824689999999999657e+01 0.000000000000000000e+00
-4.815779999999999461e+01 0.000000000000000000e+00
-4.806869999999999976e+01 0.000000000000000000e+00
-4.797959999999999781e+01 0.000000000000000000e+00
-4.789049999999999585e+01 0.000000000000000000e+00
-4.780139999999999390e+01 0.000000000000000000e+00
-4.771229999999999905e+01 0.000000000000000000e+00
-4.762319999999999709e+01 0.000000000000000000e+00
-4.753409999999999513e+01 0.000000000000000000e+00
-4.744500000000000028e+01 0.000000000000000000e+00
-4.735589999999999833e+01 0.000000000000000000e+00
-4.726679999999999637e+01 0.000000000000000000e+00
-4.717769999999999442e+01 0.000000000000000000e+00
-4.708859999999999957e+01 0.000000000000000000e+00
-4.699949999999999761e+01 0.000000000000000000e+00
-4.691049999999999898e+01 0.000000000000000000e+00
-4.682139999999999702e+01 0.000000000000000000e+00
-4.673229999999999507e+01 0.000000000000000000e+00
-4.664320000000000022e+01 0.000000000000000000e+00
-4.655409999999999826e+01 0.000000000000000000e+00
-4.646499999999999631e+01 0.000000000000000000e+00
-4.637589999999999435e+01 0.000000000000000000e+00
-4.628679999999999950e+01 0.000000000000000000e+00
-4.619769999999999754e+01 0.000000000000000000e+00
-4.610859999999999559e+01 0.000000000000000000e+00
-4.601950000000000074e+01 0.000000000000000000e+00
-4.593039999999999878e+01 0.000000000000000000e+00
-4.584129999999999683e+01 0.000000000000000000e+00
-4.575219999999999487e+01 0.000000000000000000e+00
-4.566310000000000002e+01 0.000000000000000000e+00
-4.557399999999999807e+01 0.000000000000000000e+00
-4.548489999999999611e+01 0.000000000000000000e+00
-4.539579999999999416e+01 0.000000000000000000e+00
-4.530669999999999931e+01 0.000000000000000000e+00
-4.521759999999999735e+01 0.000000000000000000e+00
-4.512849999999999540e+01 0.000000000000000000e+00
-4.503940000000000055e+01 0.000000000000000000e+00
-4.495029999999999859e+01 0.000000000000000000e+00
-4.486119999999999663e+01 0.000000000000000000e+00
-4.477209999999999468e+01 0.000000000000000000e+00
-4.468299999999999983e+01 0.000000000000000000e+00
-4.459389999999999787e+01 0.000000000000000000e+00
-4.450479999999999592e+01 0.000000000000000000e+00
-4.441569999999999396e+01 0.000000000000000000e+00
-4.432669999999999533e+01 0.000000000000000000e+00
-4.423760000000000048e+01 0.000000000000000000e+00
-4.414849999999999852e+01 0.000000000000000000e+00
-4.405939999999999657e+01 0.000000000000000000e+00
-4.397029999999999461e+01 0.000000000000000000e+00
-4.388119999999999976e+01 0.000000000000000000e+00
-4.379209999999999781e+01 0.000000000000000000e+00
-4.370299999999999585e+01 0.000000000000000000e+00
-4.361389999999999390e+01 0.000000000000000000e+00
-4.352479999999999905e+01 0.000000000000000000e+00
-4.343569999999999709e+01 0.000000000000000000e+00
-4.334659999999999513e+01 0.000000000000000000e+00
-4.325750000000000028e+01 0.000000000000000000e+00
-4.316839999999999833e+01 0.000000000000000000e+00
-4.307929999999999637e+01 0.000000000000000000e+00
-4.299019999999999442e+01 0.000000000000000000e+00
-4.290109999999999957e+01 0.000000000000000000e+00
-4.281199999999999761e+01 0.000000000000000000e+00
-4.272289999999999566e+01 0.000000000000000000e+00
-4.263380000000000081e+01 0.000000000000000000e+00
-4.254469999999999885e+01 0.000000000000000000e+00
-4.245559999999999690e+01 0.000000000000000000e+00
-4.236649999999999494e+01 0.000000000000000000e+00
-4.227740000000000009e+01 0.000000000000000000e+00
-4.218829999999999814e+01 0.000000000000000000e+00
-4.209919999999999618e+01 0.000000000000000000e+00
-4.201009999999999422e+01 0.000000000000000000e+00
-4.192099999999999937e+01 0.000000000000000000e+00
-4.183200000000000074e+01 0.000000000000000000e+00
-4.174289999999999878e+01 0.000000000000000000e+00
-4.165379999999999683e+01 0.000000000000000000e+00
-4.156469999999999487e+01 0.000000000000000000e+00
-4.147560000000000002e+01 0.000000000000000000e+00
-4.138649999999999807e+01 0.000000000000000000e+00
-4.129739999999999611e+01 0.000000000000000000e+00
-4.120829999999999416e+01 0.000000000000000000e+00
-4.111919999999999931e+01 0.000000000000000000e+00
-4.103009999999999735e+01 0.000000000000000000e+00
-4.094099999999999540e+01 0.000000000000000000e+00
-4.085190000000000055e+01 0.000000000000000000e+00
-4.076279999999999859e+01 0.000000000000000000e+00
-4.067369999999999663e+01 0.000000000000000000e+00
-4.058459999999999468e+01 0.000000000000000000e+00
-4.049549999999999983e+01 0.000000000000000000e+00
-4.040639999999999787e+01 0.000000000000000000e+00
-4.031729999999999592e+01 0.000000000000000000e+00
-4.022819999999999396e+01 0.000000000000000000e+00
-4.013909999999999911e+01 0.000000000000000000e+00
-4.004999999999999716e+01 0.000000000000000000e+00
-3.996089999999999520e+01 0.000000000000000000e+00
-3.987180000000000035e+01 0.000000000000000000e+00
-3.978269999999999840e+01 0.000000000000000000e+00
-3.969359999999999644e+01 0.000000000000000000e+00
-3.960449999999999449e+01 0.000000000000000000e+00
-3.951539999999999964e+01 0.000000000000000000e+00
-3.942629999999999768e+01 0.000000000000000000e+00
-3.933719999999999573e+01 0.000000000000000000e+00
-3.924819999999999709e+01 0.000000000000000000e+00
-3.915909999999999513e+01 0.000000000000000000e+00
-3.907000000000000028e+01 0.000000000000000000e+00
-3.898089999999999833e+01 0.000000000000000000e+00
-3.889179999999999637e+01 0.000000000000000000e+00
-3.880269999999999442e+01 0.000000000000000000e+00
-3.871359999999999957e+01 0.000000000000000000e+00
-3.862449999999999761e+01 0.000000000000000000e+00
-3.853539999999999566e+01 0.000000000000000000e+00
-3.844630000000000081e+01 0.000000000000000000e+00
-3.835719999999999885e+01 0.000000000000000000e+00
-3.826809999999999690e+01 0.000000000000000000e+00
-3.817899999999999494e+01 0.000000000000000000e+00
-3.808990000000000009e+01 0.000000000000000000e+00
-3.800079999999999814e+01 0.000000000000000000e+00
-3.791169999999999618e+01 0.000000000000000000e+00
-3.782259999999999422e+01 0.000000000000000000e+00
-3.773349999999999937e+01 0.000000000000000000e+00
-3.764439999999999742e+01 0.000000000000000000e+00
-3.755529999999999546e+01 0.000000000000000000e+00
-3.746620000000000061e+01 0.000000000000000000e+00
-3.737709999999999866e+01 0.000000000000000000e+00
-3.728799999999999670e+01 0.000000000000000000e+00
-3.719889999999999475e+01 0.000000000000000000e+00
-3.710979999999999990e+01 0.000000000000000000e+00
-3.702069999999999794e+01 0.000000000000000000e+00
-3.693159999999999599e+01 0.000000000000000000e+00
-3.684249999999999403e+01 0.000000000000000000e+00
-3.675349999999999540e+01 0.000000000000000000e+00
-3.666440000000000055e+01 0.000000000000000000e+00
-3.657529999999999859e+01 0.000000000000000000e+00
-3.648619999999999663e+01 0.000000000000000000e+00
-3.639709999999999468e+01 0.000000000000000000e+00
-3.630799999999999983e+01 0.000000000000000000e+00
-3.621889999999999787e+01 0.000000000000000000e+00
-3.612979999999999592e+01 0.000000000000000000e+00
-3.604069999999999396e+01 0.000000000000000000e+00
-3.595159999999999911e+01 0.000000000000000000e+00
-3.586249999999999716e+01 0.000000000000000000e+00
-3.577339999999999520e+01 0.000000000000000000e+00
-3.568430000000000035e+01 0.000000000000000000e+00
-3.559519999999999840e+01 0.000000000000000000e+00
-3.550609999999999644e+01 0.000000000000000000e+00
-3.541699999999999449e+01 0.000000000000000000e+00
-3.532789999999999964e+01 0.000000000000000000e+00
-3.523879999999999768e+01 0.000000000000000000e+00
-3.514969999999999573e+01 0.000000000000000000e+00
-3.506059999999999377e+01 0.000000000000000000e+00
-3.497150000000000603e+01 0.000000000000000000e+00
-3.488240000000000407e+01 0.000000000000000000e+00
-3.479330000000000211e+01 0.000000000000000000e+00
-3.470420000000000016e+01 0.000000000000000000e+00
-3.461510000000000531e+01 0.000000000000000000e+00
-3.452600000000000335e+01 0.000000000000000000e+00
-3.443690000000000140e+01 0.000000000000000000e+00
-3.434779999999999944e+01 0.000000000000000000e+00
-3.425880000000000081e+01 0.000000000000000000e+00
-3.416970000000000596e+01 0.000000000000000000e+00
-3.408060000000000400e+01 0.000000000000000000e+00
-3.399150000000000205e+01 0.000000000000000000e+00
-3.390240000000000009e+01 0.000000000000000000e+00
-3.381330000000000524e+01 0.000000000000000000e+00
-3.372420000000000329e+01 0.000000000000000000e+00
-3.363510000000000133e+01 0.000000000000000000e+00
-3.354599999999999937e+01 0.000000000000000000e+00
-3.345690000000000452e+01 0.000000000000000000e+00
-3.336780000000000257e+01 0.000000000000000000e+00
-3.327870000000000061e+01 0.000000000000000000e+00
-3.318960000000000576e+01 0.000000000000000000e+00
-3.310050000000000381e+01 0.000000000000000000e+00
-3.301140000000000185e+01 0.000000000000000000e+00
-3.292229999999999990e+01 0.000000000000000000e+00
-3.283320000000000505e+01 0.000000000000000000e+00
-3.274410000000000309e+01 0.000000000000000000e+00
-3.265500000000000114e+01 0.000000000000000000e+00
-3.256589999999999918e+01 0.000000000000000000e+00
-3.247680000000000433e+01 0.000000000000000000e+00
-3.238770000000000238e+01 0.000000000000000000e+00
-3.229860000000000042e+01 0.000000000000000000e+00
-3.220950000000000557e+01 0.000000000000000000e+00
-3.212040000000000362e+01 0.000000000000000000e+00
-3.203130000000000166e+01 0.000000000000000000e+00
-3.194219999999999970e+01 0.000000000000000000e+00
-3.185310000000000130e+01 0.000000000000000000e+00
-3.176399999999999935e+01 0.000000000000000000e+00
-3.167500000000000071e+01 0.000000000000000000e+00
-3.158590000000000231e+01 0.000000000000000000e+00
-3.149680000000000035e+01 0.000000000000000000e+00
-3.140770000000000195e+01 0.000000000000000000e+00
-3.131859999999999999e+01 0.000000000000000000e+00
-3.122950000000000159e+01 0.000000000000000000e+00
-3.114039999999999964e+01 0.000000000000000000e+00
-3.105130000000000123e+01 0.000000000000000000e+00
-3.096219999999999928e+01 0.000000000000000000e+00
-3.087310000000000088e+01 0.000000000000000000e+00
-3.078400000000000247e+01 0.000000000000000000e+00
-3.069490000000000052e+01 0.000000000000000000e+00
-3.060580000000000211e+01 0.000000000000000000e+00
-3.051670000000000016e+01 0.000000000000000000e+00
-3.042760000000000176e+01 0.000000000000000000e+00
-3.033849999999999980e+01 0.000000000000000000e+00
-3.024940000000000140e+01 0.000000000000000000e+00
-3.016029999999999944e+01 0.000000000000000000e+00
-3.007120000000000104e+01 0.000000000000000000e+00
-2.998209999999999908e+01 0.000000000000000000e+00
-2.989300000000000068e+01 0.000000000000000000e+00
-2.980390000000000228e+01 0.000000000000000000e+00
-2.971480000000000032e+01 0.000000000000000000e+00
-2.962570000000000192e+01 0.000000000000000000e+00
-2.953659999999999997e+01 0.000000000000000000e+00
-2.944750000000000156e+01 0.000000000000000000e+00
-2.935839999999999961e+01 0.000000000000000000e+00
-2.926930000000000121e+01 0.000000000000000000e+00
-2.918030000000000257e+01 0.000000000000000000e+00
-2.909120000000000061e+01 0.000000000000000000e+00
-2.900210000000000221e+01 0.000000000000000000e+00
-2.891300000000000026e+01 0.000000000000000000e+00
-2.882390000000000185e+01 0.000000000000000000e+00
-2.873479999999999990e+01 0.000000000000000000e+00
-2.864570000000000149e+01 0.000000000000000000e+00
-2.855659999999999954e+01 0.000000000000000000e+00
-2.846750000000000114e+01 0.000000000000000000e+00
-2.837839999999999918e+01 0.000000000000000000e+00
-2.828930000000000078e+01 0.000000000000000000e+00
-2.820020000000000238e+01 0.000000000000000000e+00
-2.811110000000000042e+01 0.000000000000000000e+00
-2.802200000000000202e+01 0.000000000000000000e+00
-2.793290000000000006e+01 0.000000000000000000e+00
-2.784380000000000166e+01 0.000000000000000000e+00
-2.775469999999999970e+01 0.000000000000000000e+00
-2.766560000000000130e+01 0.000000000000000000e+00
-2.757649999999999935e+01 0.000000000000000000e+00
-2.748740000000000094e+01 0.000000000000000000e+00
-2.739830000000000254e+01 0.000000000000000000e+00
-2.730920000000000059e+01 0.000000000000000000e+00
-2.722010000000000218e+01 0.000000000000000000e+00
-2.713100000000000023e+01 0.000000000000000000e+00
-2.704190000000000182e+01 0.000000000000000000e+00
-2.695279999999999987e+01 0.000000000000000000e+00
-2.686370000000000147e+01 0.000000000000000000e+00
-2.677459999999999951e+01 0.000000000000000000e+00
-2.668550000000000111e+01 0.000000000000000000e+00
-2.659650000000000247e+01 0.000000000000000000e+00
-2.650740000000000052e+01 0.000000000000000000e+00
-2.641830000000000211e+01 0.000000000000000000e+00
-2.632920000000000016e+01 0.000000000000000000e+00
-2.624010000000000176e+01 0.000000000000000000e+00
-2.615099999999999980e+01 0.000000000000000000e+00
-2.606190000000000140e+01 0.000000000000000000e+00
-2.597279999999999944e+01 0.000000000000000000e+00
-2.588370000000000104e+01 0.000000000000000000e+00
-2.579459999999999908e+01 0.000000000000000000e+00
-2.570550000000000068e+01 0.000000000000000000e+00
-2.561640000000000228e+01 0.000000000000000000e+00
-2.552730000000000032e+01 0.000000000000000000e+00
-2.543820000000000192e+01 0.000000000000000000e+00
-2.534909999999999997e+01 0.000000000000000000e+00
-2.526000000000000156e+01 0.000000000000000000e+00
-2.517089999999999961e+01 0.000000000000000000e+00
-2.508180000000000121e+01 0.000000000000000000e+00
-2.499269999999999925e+01 0.000000000000000000e+00
-2.490360000000000085e+01 0.000000000000000000e+00
-2.481450000000000244e+01 0.000000000000000000e+00
-2.472540000000000049e+01 0.000000000000000000e+00
-2.463630000000000209e+01 0.000000000000000000e+00
-2.454720000000000013e+01 0.000000000000000000e+00
-2.445810000000000173e+01 0.000000000000000000e+00
-2.436899999999999977e+01 0.000000000000000000e+00
-2.427990000000000137e+01 6.734520000000000550e+01
-2.419079999999999941e+01 4.489269999999999783e+01
-2.410180000000000078e+01 0.000000000000000000e+00
-2.401270000000000238e+01 0.000000000000000000e+00
-2.392360000000000042e+01 0.000000000000000000e+00
-2.383450000000000202e+01 0.000000000000000000e+00
-2.374540000000000006e+01 0.000000000000000000e+00
-2.365630000000000166e+01 0.000000000000000000e+00
-2.356719999999999970e+01 0.000000000000000000e+00
-2.347810000000000130e+01 0.000000000000000000e+00
-2.338899999999999935e+01 0.000000000000000000e+00
-2.329990000000000094e+01 0.000000000000000000e+00
-2.321080000000000254e+01 0.000000000000000000e+00
-2.312170000000000059e+01 0.000000000000000000e+00
-2.303260000000000218e+01 0.000000000000000000e+00
-2.294350000000000023e+01 0.000000000000000000e+00
-2.285440000000000182e+01 0.000000000000000000e+00
-2.276529999999999987e+01 0.000000000000000000e+00
-2.267620000000000147e+01 0.000000000000000000e+00
-2.258709999999999951e+01 0.000000000000000000e+00
-2.249800000000000111e+01 0.000000000000000000e+00
-2.240889999999999915e+01 0.000000000000000000e+00
-2.231980000000000075e+01 0.000000000000000000e+00
-2.223070000000000235e+01 0.000000000000000000e+00
-2.214160000000000039e+01 0.000000000000000000e+00
-2.205250000000000199e+01 0.000000000000000000e+00
-2.196340000000000003e+01 0.000000000000000000e+00
-2.187430000000000163e+01 0.000000000000000000e+00
-2.178519999999999968e+01 0.000000000000000000e+00
-2.169610000000000127e+01 0.000000000000000000e+00
-2.160699999999999932e+01 0.000000000000000000e+00
-2.151800000000000068e+01 0.000000000000000000e+00
-2.142890000000000228e+01 0.000000000000000000e+00
-2.133980000000000032e+01 0.000000000000000000e+00
-2.125070000000000192e+01 0.000000000000000000e+00
-2.116159999999999997e+01 0.000000000000000000e+00
-2.107250000000000156e+01 0.000000000000000000e+00
-2.098339999999999961e+01 0.000000000000000000e+00
-2.089430000000000121e+01 0.000000000000000000e+00
-2.080519999999999925e+01 0.000000000000000000e+00
-2.071610000000000085e+01 0.000000000000000000e+00
-2.062700000000000244e+01 0.000000000000000000e+00
-2.053790000000000049e+01 0.000000000000000000e+00
-2.044880000000000209e+01 0.000000000000000000e+00
-2.035970000000000013e+01 0.000000000000000000e+00
-2.027060000000000173e+01 0.000000000000000000e+00
-2.018149999999999977e+01 0.000000000000000000e+00
-2.009240000000000137e+01 0.000000000000000000e+00
-2.000329999999999941e+01 0.000000000000000000e+00
-1.991420000000000101e+01 0.000000000000000000e+00
-1.982510000000000261e+01 0.000000000000000000e+00
-1.973600000000000065e+01 0.000000000000000000e+00
-1.964690000000000225e+01 0.000000000000000000e+00
-1.955780000000000030e+01 0.000000000000000000e+00
-1.946870000000000189e+01 0.000000000000000000e+00
-1.937959999999999994e+01 0.000000000000000000e+00
-1.929050000000000153e+01 0.000000000000000000e+00
-1.920139999999999958e+01 0.000000000000000000e+00
-1.911230000000000118e+01 0.000000000000000000e+00
-1.902330000000000254e+01 0.000000000000000000e+00
-1.893420000000000059e+01 0.000000000000000000e+00
-1.884509999999999863e+01 0.000000000000000000e+00
-1.875600000000000023e+01 0.000000000000000000e+00
-1.866689999999999827e+01 0.000000000000000000e+00
-1.857779999999999987e+01 0.000000000000000000e+00
-1.848870000000000147e+01 0.000000000000000000e+00
-1.839959999999999951e+01 0.000000000000000000e+00
-1.831050000000000111e+01 0.000000000000000000e+00
-1.822139999999999915e+01 0.000000000000000000e+00
-1.813230000000000075e+01 0.000000000000000000e+00
-1.804319999999999879e+01 0.000000000000000000e+00
-1.795410000000000039e+01 0.000000000000000000e+00
-1.786499999999999844e+01 0.000000000000000000e+00
-1.777590000000000003e+01 0.000000000000000000e+00
-1.768680000000000163e+01 0.000000000000000000e+00
-1.759769999999999968e+01 0.000000000000000000e+00
-1.750860000000000127e+01 0.000000000000000000e+00
-1.741949999999999932e+01 0.000000000000000000e+00
-1.733040000000000092e+01 0.000000000000000000e+00
-1.724129999999999896e+01 0.000000000000000000e+00
-1.715220000000000056e+01 0.000000000000000000e+00
-1.706309999999999860e+01 0.000000000000000000e+00
-1.697400000000000020e+01 0.000000000000000000e+00
-1.688489999999999824e+01 0.000000000000000000e+00
-1.679579999999999984e+01 0.000000000000000000e+00
-1.670670000000000144e+01 0.000000000000000000e+00
-1.661759999999999948e+01 0.000000000000000000e+00
-1.652850000000000108e+01 0.000000000000000000e+00
-1.643949999999999889e+01 0.000000000000000000e+00
-1.635040000000000049e+01 0.000000000000000000e+00
-1.626129999999999853e+01 0.000000000000000000e+00
-1.617220000000000013e+01 0.000000000000000000e+00
-1.608310000000000173e+01 0.000000000000000000e+00
-1.599399999999999977e+01 0.000000000000000000e+00
-1.590490000000000137e+01 0.000000000000000000e+00
-1.581579999999999941e+01 0.000000000000000000e+00
-1.572670000000000101e+01 0.000000000000000000e+00
-1.563759999999999906e+01 0.000000000000000000e+00
-1.554850000000000065e+01 5.999999999999999474e-04
-1.545939999999999870e+01 5.074999999999999512e-01
-1.537030000000000030e+01 1.075499999999999901e+00
-1.528119999999999834e+01 1.546300000000000008e+00
-1.519209999999999994e+01 1.838600000000000012e+00
-1.510300000000000153e+01 2.500799999999999912e+00
-1.501389999999999958e+01 3.548000000000000043e+00
-1.492480000000000118e+01 5.284500000000000419e+00
-1.483569999999999922e+01 3.978400000000000158e+00
-1.474660000000000082e+01 9.669999999999999429e-02
-1.465749999999999886e+01 5.144999999999999574e-01
-1.456840000000000046e+01 2.724299999999999944e+00
-1.447929999999999851e+01 7.441300000000000026e+00
-1.439020000000000010e+01 8.689000000000000057e+00
-1.430110000000000170e+01 1.141939999999999955e+01
-1.421199999999999974e+01 1.165409999999999968e+01
-1.412290000000000134e+01 1.686929999999999907e+01
-1.403379999999999939e+01 0.000000000000000000e+00
-1.394480000000000075e+01 0.000000000000000000e+00
-1.385569999999999879e+01 0.000000000000000000e+00
-1.376660000000000039e+01 0.000000000000000000e+00
-1.367749999999999844e+01 0.000000000000000000e+00
-1.358840000000000003e+01 0.000000000000000000e+00
-1.349930000000000163e+01 0.000000000000000000e+00
-1.341019999999999968e+01 0.000000000000000000e+00
-1.332110000000000127e+01 0.000000000000000000e+00
-1.323199999999999932e+01 0.000000000000000000e+00
-1.314290000000000092e+01 0.000000000000000000e+00
-1.305379999999999896e+01 0.000000000000000000e+00
-1.296470000000000056e+01 0.000000000000000000e+00
-1.287559999999999860e+01 0.000000000000000000e+00
-1.278650000000000020e+01 0.000000000000000000e+00
-1.269739999999999824e+01 0.000000000000000000e+00
-1.260829999999999984e+01 0.000000000000000000e+00
-1.251920000000000144e+01 0.000000000000000000e+00
-1.243009999999999948e+01 0.000000000000000000e+00
-1.234100000000000108e+01 0.000000000000000000e+00
-1.225189999999999912e+01 0.000000000000000000e+00
-1.216280000000000072e+01 0.000000000000000000e+00
-1.207369999999999877e+01 0.000000000000000000e+00
-1.198460000000000036e+01 0.000000000000000000e+00
-1.189549999999999841e+01 0.000000000000000000e+00
-1.180640000000000001e+01 0.000000000000000000e+00
-1.171730000000000160e+01 0.000000000000000000e+00
-1.162819999999999965e+01 0.000000000000000000e+00
-1.153910000000000124e+01 0.000000000000000000e+00
-1.145009999999999906e+01 0.000000000000000000e+00
-1.136100000000000065e+01 0.000000000000000000e+00
-1.127189999999999870e+01 0.000000000000000000e+00
-1.118280000000000030e+01 0.000000000000000000e+00
-1.109369999999999834e+01 0.000000000000000000e+00
-1.100459999999999994e+01 0.000000000000000000e+00
-1.091549999999999976e+01 0.000000000000000000e+00
-1.082639999999999958e+01 0.000000000000000000e+00
-1.073730000000000118e+01 0.000000000000000000e+00
-1.064819999999999922e+01 0.000000000000000000e+00
-1.055910000000000082e+01 0.000000000000000000e+00
-1.046999999999999886e+01 0.000000000000000000e+00
-1.038090000000000046e+01 0.000000000000000000e+00
-1.029180000000000028e+01 0.000000000000000000e+00
-1.020270000000000010e+01 0.000000000000000000e+00
-1.011359999999999992e+01 0.000000000000000000e+00
-1.002449999999999974e+01 0.000000000000000000e+00
-9.935399999999999565e+00 0.000000000000000000e+00
-9.846299999999999386e+00 0.000000000000000000e+00
-9.757200000000000983e+00 0.000000000000000000e+00
-9.668099999999999028e+00 0.000000000000000000e+00
-9.579000000000000625e+00 0.000000000000000000e+00
-9.489899999999998670e+00 0.000000000000000000e+00
-9.400800000000000267e+00 0.000000000000000000e+00
-9.311700000000000088e+00 0.000000000000000000e+00
-9.222599999999999909e+00 0.000000000000000000e+00
-9.133499999999999730e+00 5.670000000000000040e-02
-9.044399999999999551e+00 5.506000000000000227e+00
-8.955300000000001148e+00 1.371289999999999942e+01
-8.866299999999998960e+00 3.916179999999999950e+01
-8.777200000000000557e+00 4.467490000000000094e+01
-8.688100000000000378e+00 0.000000000000000000e+00
-8.599000000000000199e+00 0.000000000000000000e+00
-8.509900000000000020e+00 0.000000000000000000e+00
-8.420799999999999841e+00 0.000000000000000000e+00
-8.331699999999999662e+00 0.000000000000000000e+00
-8.242599999999999483e+00 1.008000000000000007e-01
-8.153500000000001080e+00 9.455000000000000071e-01
-8.064399999999999125e+00 4.592900000000000205e+00
-7.975299999999999834e+00 5.376199999999999868e+00
-7.886199999999999655e+00 5.222900000000000098e+00
-7.797100000000000364e+00 3.829499999999999904e+00
-7.708000000000000185e+00 0.000000000000000000e+00
-7.618900000000000006e+00 0.000000000000000000e+00
-7.529799999999999827e+00 0.000000000000000000e+00
-7.440699999999999648e+00 0.000000000000000000e+00
-7.351600000000000357e+00 0.000000000000000000e+00
-7.262500000000000178e+00 0.000000000000000000e+00
-7.173399999999999999e+00 0.000000000000000000e+00
-7.084299999999999820e+00 0.000000000000000000e+00
-6.995200000000000529e+00 0.000000000000000000e+00
-6.906100000000000350e+00 0.000000000000000000e+00
-6.817000000000000171e+00 0.000000000000000000e+00
-6.727899999999999991e+00 0.000000000000000000e+00
-6.638799999999999812e+00 0.000000000000000000e+00
-6.549699999999999633e+00 0.000000000000000000e+00
-6.460599999999999454e+00 0.000000000000000000e+00
-6.371599999999999930e+00 0.000000000000000000e+00
-6.282499999999999751e+00 2.960000000000000131e-02
-6.193400000000000460e+00 7.156000000000000139e-01
-6.104300000000000281e+00 1.250499999999999945e+00
-6.015200000000000102e+00 1.614600000000000035e+00
-5.926099999999999923e+00 2.206399999999999917e+00
-5.836999999999999744e+00 3.292800000000000171e+00
-5.747899999999999565e+00 5.771200000000000330e+00
-5.658799999999999386e+00 5.556700000000000195e+00
-5.569700000000000095e+00 1.685300000000000020e+00
-5.480599999999999916e+00 1.752000000000000002e+00
-5.391500000000000625e+00 2.367700000000000138e+00
-5.302400000000000446e+00 2.899199999999999999e+00
-5.213300000000000267e+00 3.684800000000000075e+00
-5.124200000000000088e+00 5.231399999999999828e+00
-5.035099999999999909e+00 4.446399999999999686e+00
-4.945999999999999730e+00 3.403700000000000170e+00
-4.856900000000000439e+00 3.865499999999999936e+00
-4.767800000000000260e+00 4.989399999999999835e+00
-4.678700000000000081e+00 4.353500000000000369e+00
-4.589599999999999902e+00 4.535499999999999865e+00
-4.500500000000000611e+00 4.945899999999999963e+00
-4.411400000000000432e+00 3.905499999999999972e+00
-4.322300000000000253e+00 4.288999999999999702e+00
-4.233200000000000074e+00 5.903900000000000148e+00
-4.144099999999999895e+00 7.429400000000000226e+00
-4.054999999999999716e+00 9.234799999999999898e+00
-3.965900000000000425e+00 1.115479999999999983e+01
-3.876800000000000246e+00 8.576499999999999346e+00
-3.787800000000000278e+00 1.997210000000000107e+01
-3.698700000000000099e+00 1.723770000000000024e+01
-3.609600000000000364e+00 4.579500000000000348e+00
-3.520500000000000185e+00 2.890899999999999803e+00
-3.431400000000000006e+00 1.612290000000000134e+01
-3.342300000000000271e+00 7.067300000000000360e+00
-3.253200000000000092e+00 1.315540000000000020e+01
-3.164100000000000357e+00 1.109469999999999956e+01
-3.075000000000000178e+00 8.429600000000000648e+00
-2.985899999999999999e+00 8.820000000000000062e-01
-2.896800000000000264e+00 0.000000000000000000e+00
-2.807700000000000085e+00 0.000000000000000000e+00
-2.718600000000000350e+00 6.852000000000000313e-01
-2.629500000000000171e+00 5.575300000000000367e+00
-2.540399999999999991e+00 2.388670000000000115e+01
-2.451300000000000257e+00 1.645060000000000144e+01
-2.362200000000000077e+00 1.358539999999999992e+01
-2.273100000000000342e+00 1.149600000000000044e+01
-2.184000000000000163e+00 7.671199999999999797e+00
-2.094899999999999984e+00 4.344199999999999839e+00
-2.005800000000000249e+00 6.225699999999999790e+00
-1.916700000000000292e+00 6.144199999999999662e+00
-1.827600000000000113e+00 9.355600000000000804e+00
-1.738500000000000156e+00 7.153800000000000381e+00
-1.649400000000000199e+00 6.911299999999999777e+00
-1.560300000000000242e+00 7.567000000000000171e+00
-1.471200000000000285e+00 5.644499999999999851e+00
-1.382100000000000106e+00 6.627299999999999969e+00
-1.293100000000000138e+00 6.616999999999999993e+00
-1.204000000000000181e+00 6.586100000000000065e+00
-1.114900000000000224e+00 4.830599999999999561e+00
-1.025800000000000267e+00 4.235500000000000043e+00
-9.367000000000000881e-01 4.059999999999999609e+00
-8.475999999999999091e-01 5.711199999999999832e+00
-7.585000000000001741e-01 4.083400000000000141e+00
-6.693999999999999950e-01 6.631999999999999673e+00
-5.802999999999998160e-01 4.940400000000000347e+00
-4.912000000000000810e-01 4.033400000000000318e+00
-4.020999999999999019e-01 3.197400000000000020e+00
-3.130000000000001670e-01 2.129399999999999959e+00
-2.238999999999999879e-01 1.899999999999999911e+00
-1.347999999999998089e-01 1.456499999999999906e+00
-4.570000000000007390e-02 6.836999999999999744e-01
4.340000000000010516e-02 8.200000000000000691e-03
1.324999999999998401e-01 0.000000000000000000e+00
2.216000000000000192e-01 0.000000000000000000e+00
3.107000000000001982e-01 0.000000000000000000e+00
3.997999999999999332e-01 0.000000000000000000e+00
4.889000000000001123e-01 0.000000000000000000e+00
5.779999999999998472e-01 0.000000000000000000e+00
6.671000000000000263e-01 0.000000000000000000e+00
7.562000000000002053e-01 0.000000000000000000e+00
8.452999999999999403e-01 0.000000000000000000e+00
9.344000000000001194e-01 0.000000000000000000e+00
1.023500000000000298e+00 0.000000000000000000e+00
1.112599999999999589e+00 8.200000000000000691e-03
1.201699999999999768e+00 0.000000000000000000e+00
1.290700000000000180e+00 1.689999999999999836e-02
1.379800000000000360e+00 6.450000000000000178e-02
1.468899999999999650e+00 3.280000000000000276e-02
1.557999999999999829e+00 1.486000000000000099e-01
1.647100000000000009e+00 2.524000000000000132e-01
1.736200000000000188e+00 4.894000000000000017e-01
1.825300000000000367e+00 8.733999999999999542e-01
1.914399999999999658e+00 1.025199999999999889e+00
2.003499999999999837e+00 1.411499999999999977e+00
2.092600000000000016e+00 2.859599999999999920e+00
2.181700000000000195e+00 2.395900000000000141e+00
2.270800000000000374e+00 2.986499999999999932e+00
2.359899999999999665e+00 2.824600000000000222e+00
2.448999999999999844e+00 1.534000000000000030e+00
2.538100000000000023e+00 1.669799999999999951e+00
2.627200000000000202e+00 1.378600000000000048e+00
2.716300000000000381e+00 3.860000000000000098e-01
2.805399999999999672e+00 1.000000000000000048e-04
2.894499999999999851e+00 5.260000000000000092e-02
2.983600000000000030e+00 4.052999999999999936e-01
3.072700000000000209e+00 4.801000000000000267e-01
3.161800000000000388e+00 5.842000000000000526e-01
3.250899999999999679e+00 1.456099999999999950e+00
3.339999999999999858e+00 1.232299999999999951e+00
3.429100000000000037e+00 1.814699999999999980e+00
3.518200000000000216e+00 2.634300000000000086e+00
3.607300000000000395e+00 3.810700000000000198e+00
3.696399999999999686e+00 3.853000000000000203e+00
3.785400000000000098e+00 4.072700000000000209e+00
3.874500000000000277e+00 3.470699999999999896e+00
3.963600000000000456e+00 4.878000000000000114e+00
4.052699999999999747e+00 4.634100000000000108e+00
4.141799999999999926e+00 6.413000000000000256e+00
4.230900000000000105e+00 4.787899999999999601e+00
4.320000000000000284e+00 3.036700000000000177e+00
4.409100000000000463e+00 3.136699999999999822e+00
4.498199999999999754e+00 3.012999999999999901e+00
4.587299999999999933e+00 2.719399999999999817e+00
4.676400000000000112e+00 3.052999999999999936e+00
4.765500000000000291e+00 3.109999999999999876e+00
4.854600000000000470e+00 2.653399999999999981e+00
4.943699999999999761e+00 2.863300000000000178e+00
5.032800000000000828e+00 2.571000000000000174e+00
5.121899999999999231e+00 3.197900000000000187e+00
5.210999999999999410e+00 3.358200000000000074e+00
5.300099999999999589e+00 3.621599999999999930e+00
5.389199999999999768e+00 2.129999999999999893e+00
5.478299999999999947e+00 1.389100000000000001e+00
5.567400000000000126e+00 1.125799999999999912e+00
5.656500000000000306e+00 2.174900000000000055e+00
5.745600000000000485e+00 2.250999999999999890e+00
5.834700000000000664e+00 3.672899999999999832e+00
5.923800000000000843e+00 4.017800000000000260e+00
6.012899999999999245e+00 2.991600000000000037e+00
6.101999999999999424e+00 2.707699999999999996e+00
6.191099999999999604e+00 4.046100000000000030e+00
6.280199999999999783e+00 2.774099999999999788e+00
6.369200000000000195e+00 3.480999999999999872e+00
6.458300000000000374e+00 3.383100000000000218e+00
6.547400000000000553e+00 3.375999999999999890e+00
6.636500000000000732e+00 3.294399999999999995e+00
6.725600000000000911e+00 2.225400000000000045e+00
6.814699999999999314e+00 2.642799999999999816e+00
6.903799999999999493e+00 1.972800000000000109e+00
6.992899999999999672e+00 2.436999999999999833e+00
7.081999999999999851e+00 1.997900000000000009e+00
7.171100000000000030e+00 2.052700000000000191e+00
7.260200000000000209e+00 9.911999999999999700e-01
7.349300000000000388e+00 1.008000000000000007e+00
7.438400000000000567e+00 5.273999999999999799e-01
7.527500000000000746e+00 8.490000000000000324e-02
7.616599999999999149e+00 1.192000000000000004e-01
7.705699999999999328e+00 1.139000000000000012e-01
7.794799999999999507e+00 1.983999999999999930e-01
7.883899999999999686e+00 9.610000000000000486e-02
7.972999999999999865e+00 6.539999999999999980e-02
8.062100000000000932e+00 6.539999999999999980e-02
8.151199999999999335e+00 0.000000000000000000e+00
8.240300000000001290e+00 0.000000000000000000e+00
8.329399999999999693e+00 0.000000000000000000e+00
8.418500000000001648e+00 0.000000000000000000e+00
8.507600000000000051e+00 0.000000000000000000e+00
8.596699999999998454e+00 0.000000000000000000e+00
8.685800000000000409e+00 0.000000000000000000e+00
8.774899999999998812e+00 0.000000000000000000e+00
8.863900000000001000e+00 0.000000000000000000e+00
8.952999999999999403e+00 0.000000000000000000e+00
9.042100000000001359e+00 0.000000000000000000e+00
9.131199999999999761e+00 0.000000000000000000e+00
9.220300000000001717e+00 0.000000000000000000e+00
9.309400000000000119e+00 0.000000000000000000e+00
9.398499999999998522e+00 0.000000000000000000e+00
9.487600000000000477e+00 0.000000000000000000e+00
9.576699999999998880e+00 0.000000000000000000e+00
9.665800000000000836e+00 0.000000000000000000e+00
9.754899999999999238e+00 0.000000000000000000e+00
9.844000000000001194e+00 0.000000000000000000e+00
9.933099999999999596e+00 0.000000000000000000e+00
1.002220000000000155e+01 0.000000000000000000e+00
1.011129999999999995e+01 0.000000000000000000e+00
1.020039999999999836e+01 0.000000000000000000e+00
1.028950000000000031e+01 0.000000000000000000e+00
1.037859999999999872e+01 0.000000000000000000e+00
1.046770000000000067e+01 0.000000000000000000e+00
1.055679999999999907e+01 0.000000000000000000e+00
1.064590000000000103e+01 0.000000000000000000e+00
1.073499999999999943e+01 0.000000000000000000e+00
1.082410000000000139e+01 0.000000000000000000e+00
1.091319999999999979e+01 0.000000000000000000e+00
1.100230000000000175e+01 0.000000000000000000e+00
1.109140000000000015e+01 0.000000000000000000e+00
1.118049999999999855e+01 0.000000000000000000e+00
1.126960000000000051e+01 0.000000000000000000e+00
1.135869999999999891e+01 0.000000000000000000e+00
1.144770000000000110e+01 0.000000000000000000e+00
1.153679999999999950e+01 0.000000000000000000e+00
1.162590000000000146e+01 0.000000000000000000e+00
1.171499999999999986e+01 0.000000000000000000e+00
1.180409999999999826e+01 0.000000000000000000e+00
1.189320000000000022e+01 0.000000000000000000e+00
1.198229999999999862e+01 0.000000000000000000e+00
1.207140000000000057e+01 0.000000000000000000e+00
