  0.00000000E+00 -0.45930095E-01 -0.44964192E-60
  0.50000000E-02 -0.45929950E-01 -0.20713973E-46
  0.10000000E-01 -0.45929516E-01 -0.41428006E-46
  0.15000000E-01 -0.45928793E-01 -0.62142159E-46
  0.20000000E-01 -0.45927780E-01 -0.82856491E-46
  0.25000000E-01 -0.45926476E-01 -0.10357106E-45
  0.30000000E-01 -0.45924881E-01 -0.12428593E-45
  0.35000000E-01 -0.45922994E-01 -0.14500117E-45
  0.40000000E-01 -0.45920815E-01 -0.16571682E-45
  0.45000000E-01 -0.45918342E-01 -0.18643295E-45
  0.50000000E-01 -0.45915573E-01 -0.20714961E-45
  0.55000000E-01 -0.45912508E-01 -0.22786688E-45
  0.60000000E-01 -0.45909146E-01 -0.24858481E-45
  0.65000000E-01 -0.45905483E-01 -0.26930345E-45
  0.70000000E-01 -0.45901520E-01 -0.29002288E-45
  0.75000000E-01 -0.45897253E-01 -0.31074314E-45
  0.80000000E-01 -0.45892680E-01 -0.33146430E-45
  0.85000000E-01 -0.45887800E-01 -0.35218642E-45
  0.90000000E-01 -0.45882609E-01 -0.37290956E-45
  0.95000000E-01 -0.45877106E-01 -0.39363377E-45
  0.10000000E+00 -0.45871287E-01 -0.41435913E-45
  0.10500000E+00 -0.45865150E-01 -0.43508568E-45
  0.11000000E+00 -0.45858691E-01 -0.45581349E-45
  0.11500000E+00 -0.45851907E-01 -0.47654262E-45
  0.12000000E+00 -0.45844796E-01 -0.49727312E-45
  0.12500000E+00 -0.45837353E-01 -0.51800507E-45
  0.13000000E+00 -0.45829574E-01 -0.53873851E-45
  0.13500000E+00 -0.45821456E-01 -0.55947351E-45
  0.14000000E+00 -0.45812995E-01 -0.58021012E-45
  0.14500000E+00 -0.45804186E-01 -0.60094842E-45
  0.15000000E+00 -0.45795025E-01 -0.62168845E-45
  0.15500000E+00 -0.45785507E-01 -0.64243028E-45
  0.16000000E+00 -0.45775628E-01 -0.66317396E-45
  0.16500000E+00 -0.45765382E-01 -0.68391956E-45
  0.17000000E+00 -0.45754764E-01 -0.70466714E-45
  0.17500000E+00 -0.45743769E-01 -0.72541676E-45
  0.18000000E+00 -0.45732391E-01 -0.74616847E-45
  0.18500000E+00 -0.45720624E-01 -0.76692234E-45
  0.19000000E+00 -0.45708463E-01 -0.78767843E-45
  0.19500000E+00 -0.45695901E-01 -0.80843679E-45
  0.20000000E+00 -0.45682932E-01 -0.82919749E-45
  0.20500000E+00 -0.45669548E-01 -0.84996059E-45
  0.21000000E+00 -0.45655743E-01 -0.87072614E-45
  0.21500000E+00 -0.45641510E-01 -0.89149421E-45
  0.22000000E+00 -0.45626841E-01 -0.91226485E-45
  0.22500000E+00 -0.45611729E-01 -0.93303813E-45
  0.23000000E+00 -0.45596166E-01 -0.95381411E-45
  0.23500000E+00 -0.45580143E-01 -0.97459284E-45
  0.24000000E+00 -0.45563652E-01 -0.99537439E-45
  0.24500000E+00 -0.45546685E-01 -0.10161588E-44
  0.25000000E+00 -0.45529232E-01 -0.10369462E-44
  0.25500000E+00 -0.45511284E-01 -0.10577365E-44
  0.26000000E+00 -0.45492832E-01 -0.10785300E-44
  0.26500000E+00 -0.45473865E-01 -0.10993265E-44
  0.27000000E+00 -0.45454374E-01 -0.11201262E-44
  0.27500000E+00 -0.45434348E-01 -0.11409291E-44
  0.28000000E+00 -0.45413776E-01 -0.11617354E-44
  0.28500000E+00 -0.45392646E-01 -0.11825450E-44
  0.29000000E+00 -0.45370948E-01 -0.12033580E-44
  0.29500000E+00 -0.45348670E-01 -0.12241744E-44
  0.30000000E+00 -0.45325799E-01 -0.12449945E-44
  0.30500000E+00 -0.45302322E-01 -0.12658181E-44
  0.31000000E+00 -0.45278227E-01 -0.12866454E-44
  0.31500000E+00 -0.45253500E-01 -0.13074763E-44
  0.32000000E+00 -0.45228127E-01 -0.13283111E-44
  0.32500000E+00 -0.45202095E-01 -0.13491497E-44
  0.33000000E+00 -0.45175388E-01 -0.13699922E-44
  0.33500000E+00 -0.45147991E-01 -0.13908386E-44
  0.34000000E+00 -0.45119889E-01 -0.14116891E-44
  0.34500000E+00 -0.45091066E-01 -0.14325436E-44
  0.35000000E+00 -0.45061504E-01 -0.14534023E-44
  0.35500000E+00 -0.45031187E-01 -0.14742652E-44
  0.36000000E+00 -0.45000098E-01 -0.14951323E-44
  0.36500000E+00 -0.44968218E-01 -0.15160038E-44
  0.37000000E+00 -0.44935529E-01 -0.15368796E-44
  0.37500000E+00 -0.44902010E-01 -0.15577598E-44
  0.38000000E+00 -0.44867643E-01 -0.15786446E-44
  0.38500000E+00 -0.44832407E-01 -0.15995339E-44
  0.39000000E+00 -0.44796281E-01 -0.16204278E-44
  0.39500000E+00 -0.44759242E-01 -0.16413264E-44
  0.40000000E+00 -0.44721269E-01 -0.16622297E-44
  0.40500000E+00 -0.44682337E-01 -0.16831379E-44
  0.41000000E+00 -0.44642425E-01 -0.17040509E-44
  0.41500000E+00 -0.44601506E-01 -0.17249688E-44
  0.42000000E+00 -0.44559555E-01 -0.17458916E-44
  0.42500000E+00 -0.44516545E-01 -0.17668196E-44
  0.43000000E+00 -0.44472451E-01 -0.17877526E-44
  0.43500000E+00 -0.44427244E-01 -0.18086907E-44
  0.44000000E+00 -0.44380894E-01 -0.18296341E-44
  0.44500000E+00 -0.44333373E-01 -0.18505828E-44
  0.45000000E+00 -0.44284649E-01 -0.18715368E-44
  0.45500000E+00 -0.44234691E-01 -0.18924962E-44
  0.46000000E+00 -0.44183465E-01 -0.19134610E-44
  0.46500000E+00 -0.44130938E-01 -0.19344314E-44
  0.47000000E+00 -0.44077075E-01 -0.19554073E-44
  0.47500000E+00 -0.44021840E-01 -0.19763889E-44
  0.48000000E+00 -0.43965195E-01 -0.19973762E-44
  0.48500000E+00 -0.43907102E-01 -0.20183692E-44
  0.49000000E+00 -0.43847520E-01 -0.20393681E-44
  0.49500000E+00 -0.43786408E-01 -0.20603728E-44
  0.50000000E+00 -0.43723724E-01 -0.20813834E-44
  0.50500000E+00 -0.43659423E-01 -0.21024001E-44
  0.51000000E+00 -0.43593460E-01 -0.21234228E-44
  0.51500000E+00 -0.43525787E-01 -0.21444517E-44
  0.52000000E+00 -0.43456355E-01 -0.21654867E-44
  0.52500000E+00 -0.43385113E-01 -0.21865279E-44
  0.53000000E+00 -0.43312010E-01 -0.22075755E-44
  0.53500000E+00 -0.43236989E-01 -0.22286294E-44
  0.54000000E+00 -0.43159996E-01 -0.22496897E-44
  0.54500000E+00 -0.43080971E-01 -0.22707566E-44
  0.55000000E+00 -0.42999855E-01 -0.22918301E-44
  0.55500000E+00 -0.42916584E-01 -0.23129116E-44
  0.56000000E+00 -0.42831093E-01 -0.23340114E-44
  0.56500000E+00 -0.42743314E-01 -0.23552136E-44
  0.57000000E+00 -0.42653178E-01 -0.23771986E-44
  0.57500000E+00 -0.42560612E-01 -0.24053409E-44
  0.58000000E+00 -0.42465541E-01 -0.24812098E-44
  0.58500000E+00 -0.42367885E-01 -0.29194681E-44
  0.59000000E+00 -0.42267563E-01 -0.60510332E-44
  0.59500000E+00 -0.42164492E-01 -0.28771938E-43
  0.60000000E+00 -0.42058582E-01 -0.19091688E-42
  0.60500000E+00 -0.41949743E-01 -0.13240189E-41
  0.61000000E+00 -0.41837879E-01 -0.90726342E-41
  0.61500000E+00 -0.41722892E-01 -0.60915224E-40
  0.62000000E+00 -0.41604677E-01 -0.40022734E-39
  0.62500000E+00 -0.41483129E-01 -0.25724376E-38
  0.63000000E+00 -0.41358136E-01 -0.16172039E-37
  0.63500000E+00 -0.41229580E-01 -0.99424028E-37
  0.64000000E+00 -0.41097342E-01 -0.59764041E-36
  0.64500000E+00 -0.40961294E-01 -0.35116669E-35
  0.65000000E+00 -0.40821305E-01 -0.20165035E-34
  0.65500000E+00 -0.40677237E-01 -0.11312700E-33
  0.66000000E+00 -0.40528946E-01 -0.61981566E-33
  0.66500000E+00 -0.40376283E-01 -0.33151897E-32
  0.67000000E+00 -0.40219091E-01 -0.17301801E-31
  0.67500000E+00 -0.40057206E-01 -0.88055702E-31
  0.68000000E+00 -0.39890457E-01 -0.43671721E-30
  0.68500000E+00 -0.39718665E-01 -0.21088459E-29
  0.69000000E+00 -0.39541642E-01 -0.99043358E-29
  0.69500000E+00 -0.39359192E-01 -0.45180646E-28
  0.70000000E+00 -0.39171110E-01 -0.19983118E-27
  0.70500000E+00 -0.38977179E-01 -0.85495418E-27
  0.71000000E+00 -0.38777175E-01 -0.35269076E-26
  0.71500000E+00 -0.38570858E-01 -0.13963991E-25
  0.72000000E+00 -0.38357982E-01 -0.52691538E-25
  0.72500000E+00 -0.38138283E-01 -0.18732769E-24
  0.73000000E+00 -0.37911487E-01 -0.61451099E-24
  0.73500000E+00 -0.37677305E-01 -0.17787344E-23
  0.74000000E+00 -0.37435432E-01 -0.39911428E-23
  0.74500000E+00 -0.37185548E-01 -0.26342370E-23
  0.75000000E+00 -0.36927315E-01  0.42584946E-22
  0.75500000E+00 -0.36660377E-01  0.36791585E-21
  0.76000000E+00 -0.36384358E-01  0.21522914E-20
  0.76500000E+00 -0.36098861E-01  0.10739816E-19
  0.77000000E+00 -0.35803467E-01  0.48747222E-19
  0.77500000E+00 -0.35497733E-01  0.20680473E-18
  0.78000000E+00 -0.35181188E-01  0.83161186E-18
  0.78500000E+00 -0.34853335E-01  0.31957980E-17
  0.79000000E+00 -0.34513648E-01  0.11797236E-16
  0.79500000E+00 -0.34161567E-01  0.41978848E-16
  0.80000000E+00 -0.33796497E-01  0.14434165E-15
  0.80500000E+00 -0.33417806E-01  0.48044416E-15
  0.81000000E+00 -0.33024823E-01  0.15501671E-14
  0.81500000E+00 -0.32616831E-01  0.48536635E-14
  0.82000000E+00 -0.32193067E-01  0.14760657E-13
  0.82500000E+00 -0.31752714E-01  0.43633781E-13
  0.83000000E+00 -0.31294902E-01  0.12546569E-12
  0.83500000E+00 -0.30818698E-01  0.35115480E-12
  0.84000000E+00 -0.30323103E-01  0.95724606E-12
  0.84500000E+00 -0.29807044E-01  0.25431983E-11
  0.85000000E+00 -0.29269370E-01  0.65895022E-11
  0.85500000E+00 -0.28708843E-01  0.16662045E-10
  0.86000000E+00 -0.28124127E-01  0.41142859E-10
  0.86500000E+00 -0.27513782E-01  0.99272882E-10
  0.87000000E+00 -0.26876252E-01  0.23420665E-09
  0.87500000E+00 -0.26209851E-01  0.54054963E-09
  0.88000000E+00 -0.25512752E-01  0.12210684E-08
  0.88500000E+00 -0.24782968E-01  0.27006905E-08
  0.89000000E+00 -0.24018336E-01  0.58501792E-08
  0.89500000E+00 -0.23216498E-01  0.12414623E-07
  0.90000000E+00 -0.22374874E-01  0.25815686E-07
  0.90500000E+00 -0.21490638E-01  0.52622415E-07
  0.91000000E+00 -0.20560683E-01  0.10519891E-06
  0.91500000E+00 -0.19581590E-01  0.20639685E-06
  0.92000000E+00 -0.18549581E-01  0.39775035E-06
  0.92500000E+00 -0.17460476E-01  0.75351370E-06
  0.93000000E+00 -0.16309628E-01  0.14038952E-05
  0.93500000E+00 -0.15091862E-01  0.25709110E-05
  0.94000000E+00 -0.13801393E-01  0.46157149E-05
  0.94500000E+00 -0.12431734E-01  0.80772512E-05
  0.95000000E+00 -0.10975582E-01  0.13628007E-04
  0.95500000E+00 -0.94246917E-02  0.21751840E-04
  0.96000000E+00 -0.77697157E-02  0.31741253E-04
  0.96500000E+00 -0.60000270E-02  0.39392653E-04
  0.97000000E+00 -0.41035080E-02  0.32923835E-04
  0.97500000E+00 -0.20663149E-02 -0.11826440E-04
  0.98000000E+00  0.12736955E-03 -0.13110563E-03
  0.98500000E+00  0.24955601E-02 -0.35306821E-03
  0.99000000E+00  0.50585764E-02 -0.63533803E-03
  0.99500000E+00  0.78388130E-02 -0.75189859E-03
  0.10000000E+01  0.10859632E-01 -0.19455545E-03
  0.10050000E+01  0.14142020E-01  0.16300696E-02
  0.10100000E+01  0.17695364E-01  0.42547595E-02
  0.10150000E+01  0.21491699E-01  0.42659906E-02
  0.10200000E+01  0.25389636E-01 -0.43155169E-02
  0.10250000E+01  0.28914943E-01 -0.16545450E-01
  0.10300000E+01  0.29980395E-01  0.22626154E-01
  0.10350000E+01  0.25179470E-01  0.55235113E-01
  0.10400000E+01  0.21338271E-01  0.70978310E-01
  0.10450000E+01  0.17650389E-01  0.86659789E-01
  0.10500000E+01  0.14195458E-01  0.95722361E-01
  0.10550000E+01  0.10968360E-01  0.10328401E+00
  0.10600000E+01  0.79548720E-02  0.10791874E+00
  0.10650000E+01  0.51096225E-02  0.10717736E+00
  0.10700000E+01  0.22877429E-02  0.10327532E+00
  0.10750000E+01 -0.14318744E-02  0.11189667E+00
  0.10800000E+01 -0.80154138E-02  0.13576133E+00
  0.10850000E+01 -0.14177732E-01  0.14624908E+00
  0.10900000E+01 -0.19943444E-01  0.15371476E+00
  0.10950000E+01 -0.25534783E-01  0.16153600E+00
  0.11000000E+01 -0.30989921E-01  0.16755199E+00
  0.11050000E+01 -0.36316614E-01  0.17351669E+00
  0.11100000E+01 -0.41517154E-01  0.17864056E+00
  0.11150000E+01 -0.46587254E-01  0.18245034E+00
  0.11200000E+01 -0.51515722E-01  0.18521307E+00
  0.11250000E+01 -0.56285911E-01  0.18653894E+00
  0.11300000E+01 -0.60880693E-01  0.18662927E+00
  0.11350000E+01 -0.65294986E-01  0.18629278E+00
  0.11400000E+01 -0.69543206E-01  0.18620634E+00
  0.11450000E+01 -0.73654213E-01  0.18668207E+00
  0.11500000E+01 -0.77660781E-01  0.18774950E+00
  0.11550000E+01 -0.81591690E-01  0.18918620E+00
  0.11600000E+01 -0.85468570E-01  0.19056537E+00
  0.11650000E+01 -0.89305898E-01  0.19143427E+00
  0.11700000E+01 -0.93112847E-01  0.19152160E+00
  0.11750000E+01 -0.96895745E-01  0.19081833E+00
  0.11800000E+01 -0.10065959E+00  0.18950575E+00
  0.11850000E+01 -0.10440837E+00  0.18781935E+00
  0.11900000E+01 -0.10814510E+00  0.18594361E+00
  0.11950000E+01 -0.11187242E+00  0.18397502E+00
  0.12000000E+01 -0.11559318E+00  0.18193809E+00
  0.12050000E+01 -0.11931053E+00  0.17982151E+00
  0.12100000E+01 -0.12302694E+00  0.17760920E+00
  0.12150000E+01 -0.12674319E+00  0.17529608E+00
  0.12200000E+01 -0.13045826E+00  0.17288958E+00
  0.12250000E+01 -0.13417056E+00  0.17040256E+00
  0.12300000E+01 -0.13787887E+00  0.16784358E+00
  0.12350000E+01 -0.14158169E+00  0.16520923E+00
  0.12400000E+01 -0.14527511E+00  0.16248107E+00
  0.12450000E+01 -0.14895134E+00  0.15962802E+00
  0.12500000E+01 -0.15259977E+00  0.15661318E+00
  0.12550000E+01 -0.15620960E+00  0.15340316E+00
  0.12600000E+01 -0.15977209E+00  0.14997736E+00
  0.12650000E+01 -0.16328036E+00  0.14633490E+00
  0.12700000E+01 -0.16672727E+00  0.14249726E+00
  0.12750000E+01 -0.17010352E+00  0.13850571E+00
  0.12800000E+01 -0.17339819E+00  0.13441383E+00
  0.12850000E+01 -0.17660183E+00  0.13027660E+00
  0.12900000E+01 -0.17970970E+00  0.12613860E+00
  0.12950000E+01 -0.18272205E+00  0.12202460E+00
  0.13000000E+01 -0.18564113E+00  0.11793523E+00
  0.13050000E+01 -0.18846724E+00  0.11384911E+00
  0.13100000E+01 -0.19119754E+00  0.10973120E+00
  0.13150000E+01 -0.19382842E+00  0.10554451E+00
  0.13200000E+01 -0.19635873E+00  0.10126159E+00
  0.13250000E+01 -0.19879045E+00  0.96871901E-01
  0.13300000E+01 -0.20112636E+00  0.92382677E-01
  0.13350000E+01 -0.20336712E+00  0.87813410E-01
  0.13400000E+01 -0.20551040E+00  0.83186491E-01
  0.13450000E+01 -0.20755268E+00  0.78518167E-01
  0.13500000E+01 -0.20949237E+00  0.73813719E-01
  0.13550000E+01 -0.21133245E+00  0.69068831E-01
  0.13600000E+01 -0.21307967E+00  0.64276133E-01
  0.13650000E+01 -0.21473959E+00  0.59433378E-01
  0.13700000E+01 -0.21631091E+00  0.54548823E-01
  0.13750000E+01 -0.21778478E+00  0.49640734E-01
  0.13800000E+01 -0.21915108E+00  0.44730941E-01
  0.13850000E+01 -0.22040679E+00  0.39835558E-01
  0.13900000E+01 -0.22155934E+00  0.34957604E-01
  0.13950000E+01 -0.22262212E+00  0.30085452E-01
  0.14000000E+01 -0.22360550E+00  0.25198104E-01
  0.14050000E+01 -0.22450955E+00  0.20274836E-01
  0.14100000E+01 -0.22532350E+00  0.15304597E-01
  0.14150000E+01 -0.22603263E+00  0.10290893E-01
  0.14200000E+01 -0.22662845E+00  0.52503855E-02
  0.14250000E+01 -0.22711513E+00  0.20658200E-03
  0.14300000E+01 -0.22750751E+00 -0.48179763E-02
  0.14350000E+01 -0.22782173E+00 -0.98077633E-02
  0.14400000E+01 -0.22806444E+00 -0.14757066E-01
  0.14450000E+01 -0.22822796E+00 -0.19670061E-01
  0.14500000E+01 -0.22829493E+00 -0.24559478E-01
  0.14550000E+01 -0.22825034E+00 -0.29444359E-01
  0.14600000E+01 -0.22809316E+00 -0.34346141E-01
  0.14650000E+01 -0.22783890E+00 -0.39281988E-01
  0.14700000E+01 -0.22750968E+00 -0.44256035E-01
  0.14750000E+01 -0.22711866E+00 -0.49251995E-01
  0.14800000E+01 -0.22666021E+00 -0.54232367E-01
  0.14850000E+01 -0.22611354E+00 -0.59148098E-01
  0.14900000E+01 -0.22545673E+00 -0.63957623E-01
  0.14950000E+01 -0.22468168E+00 -0.68647937E-01
  0.15000000E+01 -0.22380066E+00 -0.73246646E-01
  0.15050000E+01 -0.22284051E+00 -0.77816016E-01
  0.15100000E+01 -0.22182741E+00 -0.82428064E-01
  0.15150000E+01 -0.22077057E+00 -0.87130226E-01
  0.15200000E+01 -0.21965487E+00 -0.91918151E-01
  0.15250000E+01 -0.21844830E+00 -0.96731003E-01
  0.15300000E+01 -0.21712111E+00 -0.10147457E+00
  0.15350000E+01 -0.21566544E+00 -0.10606313E+00
  0.15400000E+01 -0.21410300E+00 -0.11046008E+00
  0.15450000E+01 -0.21247431E+00 -0.11469628E+00
  0.15500000E+01 -0.21081490E+00 -0.11885561E+00
  0.15550000E+01 -0.20913316E+00 -0.12303416E+00
  0.15600000E+01 -0.20740458E+00 -0.12729363E+00
  0.15650000E+01 -0.20558652E+00 -0.13163305E+00
  0.15700000E+01 -0.20364419E+00 -0.13599319E+00
  0.15750000E+01 -0.20157158E+00 -0.14029013E+00
  0.15800000E+01 -0.19939577E+00 -0.14445853E+00
  0.15850000E+01 -0.19716275E+00 -0.14848046E+00
  0.15900000E+01 -0.19491202E+00 -0.15238450E+00
  0.15950000E+01 -0.19265335E+00 -0.15621839E+00
  0.16000000E+01 -0.19035973E+00 -0.16001394E+00
  0.16050000E+01 -0.18798220E+00 -0.16376736E+00
  0.16100000E+01 -0.18547946E+00 -0.16744808E+00
  0.16150000E+01 -0.18284447E+00 -0.17102953E+00
  0.16200000E+01 -0.18011154E+00 -0.17452017E+00
  0.16250000E+01 -0.17733817E+00 -0.17797082E+00
  0.16300000E+01 -0.17457113E+00 -0.18144822E+00
  0.16350000E+01 -0.17181736E+00 -0.18498737E+00
  0.16400000E+01 -0.16903849E+00 -0.18855199E+00
  0.16450000E+01 -0.16617304E+00 -0.19203243E+00
  0.16500000E+01 -0.16317285E+00 -0.19529117E+00
  0.16550000E+01 -0.16003220E+00 -0.19823684E+00
  0.16600000E+01 -0.15679403E+00 -0.20088711E+00
  0.16650000E+01 -0.15352956E+00 -0.20338010E+00
  0.16700000E+01 -0.15030048E+00 -0.20591930E+00
  0.16750000E+01 -0.14712241E+00 -0.20867323E+00
  0.16800000E+01 -0.14395132E+00 -0.21168050E+00
  0.16850000E+01 -0.14070495E+00 -0.21481396E+00
  0.16900000E+01 -0.13731004E+00 -0.21782999E+00
  0.16950000E+01 -0.13374770E+00 -0.22048430E+00
  0.17000000E+01 -0.13006842E+00 -0.22265670E+00
  0.17050000E+01 -0.12636677E+00 -0.22441792E+00
  0.17100000E+01 -0.12272957E+00 -0.22599877E+00
  0.17150000E+01 -0.11918649E+00 -0.22767323E+00
  0.17200000E+01 -0.11569121E+00 -0.22961527E+00
  0.17250000E+01 -0.11214487E+00 -0.23180663E+00
  0.17300000E+01 -0.10845005E+00 -0.23404820E+00
  0.17350000E+01 -0.10456603E+00 -0.23607176E+00
  0.17400000E+01 -0.10053507E+00 -0.23769243E+00
  0.17450000E+01 -0.96464121E-01 -0.23891628E+00
  0.17500000E+01 -0.92469152E-01 -0.23993952E+00
  0.17550000E+01 -0.88609789E-01 -0.24103469E+00
  0.17600000E+01 -0.84851216E-01 -0.24238466E+00
  0.17650000E+01 -0.81079109E-01 -0.24395897E+00
  0.17700000E+01 -0.77163353E-01 -0.24550851E+00
  0.17750000E+01 -0.73034768E-01 -0.24669105E+00
  0.17800000E+01 -0.68729169E-01 -0.24726484E+00
  0.17850000E+01 -0.64372241E-01 -0.24724352E+00
  0.17900000E+01 -0.60112957E-01 -0.24691900E+00
  0.17950000E+01 -0.56041493E-01 -0.24672745E+00
  0.18000000E+01 -0.52136323E-01 -0.24702020E+00
  0.18050000E+01 -0.48271347E-01 -0.24786036E+00
  0.18100000E+01 -0.44282627E-01 -0.24896066E+00
  0.18150000E+01 -0.40060170E-01 -0.24980836E+00
  0.18200000E+01 -0.35613386E-01 -0.24992332E+00
  0.18250000E+01 -0.31071675E-01 -0.24911855E+00
  0.18300000E+01 -0.26617443E-01 -0.24762280E+00
  0.18350000E+01 -0.22386926E-01 -0.24599037E+00
  0.18400000E+01 -0.18393359E-01 -0.24483312E+00
  0.18450000E+01 -0.14516858E-01 -0.24450606E+00
  0.18500000E+01 -0.10569625E-01 -0.24490866E+00
  0.18550000E+01 -0.64021005E-02 -0.24551043E+00
  0.18600000E+01 -0.19901994E-02 -0.24559650E+00
  0.18650000E+01  0.25468998E-02 -0.24461463E+00
  0.18700000E+01  0.70090810E-02 -0.24245006E+00
  0.18750000E+01  0.11222404E-01 -0.23948749E+00
  0.18800000E+01  0.15131219E-01 -0.23642617E+00
  0.18850000E+01  0.18825079E-01 -0.23393889E+00
  0.18900000E+01  0.22486312E-01 -0.23234538E+00
  0.18950000E+01  0.26287228E-01 -0.23146315E+00
  0.19000000E+01  0.30294112E-01 -0.23070912E+00
  0.19050000E+01  0.34432227E-01 -0.22939865E+00
  0.19100000E+01  0.38530969E-01 -0.22709016E+00
  0.19150000E+01  0.42421009E-01 -0.22380259E+00
  0.19200000E+01  0.46026102E-01 -0.21999895E+00
  0.19250000E+01  0.49398745E-01 -0.21634757E+00
  0.19300000E+01  0.52683654E-01 -0.21338282E+00
  0.19350000E+01  0.56033506E-01 -0.21123536E+00
  0.19400000E+01  0.59526193E-01 -0.20956441E+00
  0.19450000E+01  0.63129728E-01 -0.20772348E+00
  0.19500000E+01  0.66730809E-01 -0.20507639E+00
  0.19550000E+01  0.70203986E-01 -0.20130823E+00
  0.19600000E+01  0.73477115E-01 -0.19658052E+00
  0.19650000E+01  0.76558366E-01 -0.19145700E+00
  0.19700000E+01  0.79518487E-01 -0.18664696E+00
  0.19750000E+01  0.82447497E-01 -0.18271926E+00
  0.19800000E+01  0.85414354E-01 -0.17979735E+00
  0.19850000E+01  0.88449316E-01 -0.17677700E+00
  0.19900000E+01  0.91527080E-01 -0.17382352E+00
  0.19950000E+01  0.93924787E-01 -0.16709884E+00
  0.20000000E+01  0.94294343E-01 -0.15787836E+00
  0.20050000E+01  0.95047064E-01 -0.15100095E+00
  0.20100000E+01  0.95984926E-01 -0.14517160E+00
  0.20150000E+01  0.97029322E-01 -0.14032837E+00
  0.20200000E+01  0.98124751E-01 -0.13673028E+00
  0.20250000E+01  0.99247854E-01 -0.13431187E+00
  0.20300000E+01  0.10040669E+00 -0.13243389E+00
  0.20350000E+01  0.10161848E+00 -0.13034254E+00
  0.20400000E+01  0.10286683E+00 -0.12714530E+00
  0.20450000E+01  0.10407952E+00 -0.12243547E+00
  0.20500000E+01  0.10512191E+00 -0.11630900E+00
  0.20550000E+01  0.10584239E+00 -0.10939322E+00
  0.20600000E+01  0.10611899E+00 -0.10253658E+00
  0.20650000E+01  0.10591257E+00 -0.96399281E-01
  0.20700000E+01  0.10526105E+00 -0.91170339E-01
  0.20750000E+01  0.10424487E+00 -0.86450817E-01
  0.20800000E+01  0.10290949E+00 -0.81450699E-01
  0.20850000E+01  0.10120155E+00 -0.75355449E-01
  0.20900000E+01  0.98949391E-01 -0.67708932E-01
  0.20950000E+01  0.95888781E-01 -0.58638618E-01
  0.21000000E+01  0.91741021E-01 -0.48797842E-01
  0.21050000E+01  0.86283413E-01 -0.39034845E-01
  0.21100000E+01  0.79371731E-01 -0.29874301E-01
  0.21150000E+01  0.70896613E-01 -0.21043226E-01
  0.21200000E+01  0.60667275E-01 -0.12243144E-01
  0.21250000E+01  0.48301888E-01 -0.81664055E-02
  0.21300000E+01  0.33402235E-01 -0.86392039E-02
  0.21350000E+01  0.18775338E-01  0.36202991E-01
  0.21400000E+01  0.33361829E-01 -0.88555208E-01
  0.21450000E+01  0.50823158E-01 -0.13244531E+00
  0.21500000E+01  0.67412041E-01 -0.15889030E+00
  0.21550000E+01  0.83271147E-01 -0.17616985E+00
  0.21600000E+01  0.98595411E-01 -0.18915830E+00
  0.21650000E+01  0.11353163E+00 -0.19814549E+00
  0.21700000E+01  0.12810634E+00 -0.20343093E+00
  0.21750000E+01  0.14221498E+00 -0.20475151E+00
  0.21800000E+01  0.15568159E+00 -0.20244581E+00
  0.21850000E+01  0.16833964E+00 -0.19713083E+00
  0.21900000E+01  0.18011457E+00 -0.18995901E+00
  0.21950000E+01  0.19105819E+00 -0.18195305E+00
  0.22000000E+01  0.20133182E+00 -0.17372366E+00
  0.22050000E+01  0.21112005E+00 -0.16526147E+00
  0.22100000E+01  0.22053916E+00 -0.15599951E+00
  0.22150000E+01  0.22956996E+00 -0.14519483E+00
  0.22200000E+01  0.23805933E+00 -0.13233333E+00
  0.22250000E+01  0.24579512E+00 -0.11739707E+00
  0.22300000E+01  0.25260964E+00 -0.10088136E+00
  0.22350000E+01  0.25846830E+00 -0.83559258E-01
  0.22400000E+01  0.26348221E+00 -0.66135862E-01
  0.22450000E+01  0.26783163E+00 -0.48956532E-01
  0.22500000E+01  0.27165321E+00 -0.31871159E-01
  0.22550000E+01  0.27495602E+00 -0.14300960E-01
  0.22600000E+01  0.27760323E+00  0.44806223E-02
  0.22650000E+01  0.27936990E+00  0.24927761E-01
  0.22700000E+01  0.28004069E+00  0.46902046E-01
  0.22750000E+01  0.27950365E+00  0.69750259E-01
  0.22800000E+01  0.27778530E+00  0.92790699E-01
  0.22850000E+01  0.27500678E+00  0.11575479E+00
  0.22900000E+01  0.27127644E+00  0.13873241E+00
  0.22950000E+01  0.26660639E+00  0.16183554E+00
  0.23000000E+01  0.26089446E+00  0.18518127E+00
  0.23050000E+01  0.25395597E+00  0.20912511E+00
  0.23100000E+01  0.24557895E+00  0.23402169E+00
  0.23150000E+01  0.23563008E+00  0.25955550E+00
  0.23200000E+01  0.22411966E+00  0.28474772E+00
  0.23250000E+01  0.21118493E+00  0.30893776E+00
  0.23300000E+01  0.19701750E+00  0.33231609E+00
  0.23350000E+01  0.18174548E+00  0.35510064E+00
  0.23400000E+01  0.16540165E+00  0.37679641E+00
  0.23450000E+01  0.14797655E+00  0.39695715E+00
  0.23500000E+01  0.12947050E+00  0.41601789E+00
  0.23550000E+01  0.10992890E+00  0.43464304E+00
  0.23600000E+01  0.89558726E-01  0.45035529E+00
  0.23650000E+01  0.68346401E-01  0.46297149E+00
  0.23700000E+01  0.46206590E-01  0.47609570E+00
  0.23750000E+01  0.23365713E-01  0.48704296E+00
  0.23800000E+01  0.18441006E-03  0.49355170E+00
  0.23850000E+01 -0.22920177E-01  0.49575722E+00
  0.23900000E+01 -0.45360592E-01  0.49213291E+00
  0.23950000E+01 -0.65996937E-01  0.47788739E+00
  0.24000000E+01 -0.82407814E-01  0.44319461E+00
  0.24050000E+01 -0.89340267E-01  0.37679715E+00
  0.24100000E+01 -0.73191570E-01  0.29338447E+00
  0.24150000E+01  0.18216000E-01  0.10232065E+00
  0.24200000E+01  0.50003715E+00 -0.59024007E+00
  0.24250000E+01  0.38203074E+00  0.83571618E+00
  0.24300000E+01  0.16362731E+00  0.20724582E+01
  0.24350000E+01 -0.34418839E+00  0.88999799E+00
  0.24400000E+01 -0.32206986E+00  0.91889140E+00
  0.24450000E+01 -0.35929749E+00  0.86231938E+00
  0.24500000E+01 -0.38403013E+00  0.72079648E+00
  0.24550000E+01 -0.53462501E+00  0.10185890E+01
  0.24600000E+01 -0.66768328E+00  0.76736130E+00
  0.24650000E+01 -0.57633359E+00  0.38097621E+00
  0.24700000E+01 -0.38462092E+00 -0.22643541E+00
  0.24750000E+01  0.36160445E+00  0.60899555E+00
  0.24800000E+01 -0.61825822E+00 -0.50663766E+00
  0.24850000E+01 -0.15791805E+00  0.15198809E+00
  0.24900000E+01 -0.24856051E+00  0.53437888E+00
  0.24950000E+01 -0.37549232E+00  0.54096501E+00
  0.25000000E+01 -0.47512979E+00  0.28462489E+00
  0.25050000E+01 -0.43964429E+00  0.22461945E+00
  0.25100000E+01 -0.44078291E+00  0.39716698E+00
  0.25150000E+01 -0.48587246E+00  0.53450595E-01
  0.25200000E+01 -0.45971233E+00 -0.15834952E+00
  0.25250000E+01 -0.32760479E+00 -0.45751537E+00
  0.25300000E+01 -0.18331559E+00 -0.32163443E+00
  0.25350000E+01 -0.16953476E+00 -0.18876710E+00
  0.25400000E+01 -0.17990365E+00 -0.15995758E+00
  0.25450000E+01 -0.18716605E+00 -0.15621025E+00
  0.25500000E+01 -0.19384672E+00 -0.14437440E+00
  0.25550000E+01 -0.17166872E+00 -0.31046334E+00
  0.25600000E+01 -0.12682483E+00 -0.41798194E+00
  0.25650000E+01 -0.70811669E-01 -0.20464607E+00
  0.25700000E+01 -0.56488312E-01 -0.20595503E+00
  0.25750000E+01 -0.39691803E-01 -0.16725922E+00
  0.25800000E+01 -0.26963282E-01 -0.15658924E+00
  0.25850000E+01 -0.17032110E-01 -0.13832763E+00
  0.25900000E+01 -0.91417793E-02 -0.11782952E+00
  0.25950000E+01 -0.29124447E-02 -0.99442019E-01
  0.26000000E+01  0.18833122E-02 -0.82664467E-01
  0.26050000E+01  0.54292317E-02 -0.63698981E-01
  0.26100000E+01  0.79318856E-02 -0.45305838E-01
  0.26150000E+01  0.95879684E-02 -0.28306772E-01
  0.26200000E+01  0.10532126E-01 -0.12190412E-01
  0.26250000E+01  0.10811705E-01  0.34635757E-02
  0.26300000E+01  0.10384238E-01  0.18965099E-01
  0.26350000E+01  0.91963431E-02  0.34474196E-01
  0.26400000E+01  0.72546004E-02  0.49951905E-01
  0.26450000E+01  0.46165879E-02  0.65153158E-01
  0.26500000E+01  0.13891961E-02  0.79737438E-01
  0.26550000E+01 -0.22958557E-02  0.93444410E-01
  0.26600000E+01 -0.63480004E-02  0.10619170E+00
  0.26650000E+01 -0.10747275E-01  0.11804828E+00
  0.26700000E+01 -0.15521132E-01  0.12914734E+00
  0.26750000E+01 -0.20719157E-01  0.13962034E+00
  0.26800000E+01 -0.26369565E-01  0.14958013E+00
  0.26850000E+01 -0.32437846E-01  0.15913369E+00
  0.26900000E+01 -0.38847580E-01  0.16840096E+00
  0.26950000E+01 -0.45550234E-01  0.17752872E+00
  0.27000000E+01 -0.52563220E-01  0.18669576E+00
  0.27050000E+01 -0.59982107E-01  0.19611426E+00
  0.27100000E+01 -0.67994546E-01  0.20607992E+00
  0.27150000E+01 -0.76939076E-01  0.21746057E+00
  0.27200000E+01 -0.87570958E-01  0.23242303E+00
  0.27250000E+01 -0.10224744E+00  0.25993527E+00
  0.27300000E+01 -0.13312540E+00  0.27395826E+00
  0.27350000E+01 -0.15236657E+00  0.25074597E+00
  0.27400000E+01 -0.16321199E+00  0.22685840E+00
  0.27450000E+01 -0.14779494E+00  0.87826129E-01
  0.27500000E+01 -0.16073410E+00  0.19621618E+00
  0.27550000E+01 -0.16858575E+00  0.18668947E+00
  0.27600000E+01 -0.17466891E+00  0.17806164E+00
  0.27650000E+01 -0.17988953E+00  0.16903902E+00
  0.27700000E+01 -0.18449980E+00  0.16136766E+00
  0.27750000E+01 -0.18861990E+00  0.15390115E+00
  0.27800000E+01 -0.19232986E+00  0.14705085E+00
  0.27850000E+01 -0.19568988E+00  0.14076285E+00
  0.27900000E+01 -0.19875717E+00  0.13469875E+00
  0.27950000E+01 -0.20186829E+00  0.13057033E+00
  0.28000000E+01 -0.20550432E+00  0.12831958E+00
  0.28050000E+01 -0.20915019E+00  0.12564240E+00
  0.28100000E+01 -0.21288483E+00  0.12320665E+00
  0.28150000E+01 -0.21681615E+00  0.12113512E+00
  0.28200000E+01 -0.22105576E+00  0.11948300E+00
  0.28250000E+01 -0.22571290E+00  0.11834805E+00
  0.28300000E+01 -0.23089373E+00  0.11756892E+00
  0.28350000E+01 -0.23669050E+00  0.11646300E+00
  0.28400000E+01 -0.24287849E+00  0.11817317E+00
  0.28450000E+01 -0.24513348E+00  0.99383062E-01
  0.28500000E+01 -0.24771622E+00  0.92187281E-01
  0.28550000E+01 -0.25092854E+00  0.87080560E-01
  0.28600000E+01 -0.25470234E+00  0.82502463E-01
  0.28650000E+01 -0.25875029E+00  0.74838459E-01
  0.28700000E+01 -0.26244549E+00  0.64220672E-01
  0.28750000E+01 -0.26463256E+00  0.52926241E-01
  0.28800000E+01 -0.26376535E+00  0.42476663E-01
  0.28850000E+01 -0.27166490E+00  0.60621835E-01
  0.28900000E+01 -0.30382071E+00  0.11202647E+00
  0.28950000E+01 -0.32809163E+00  0.11526818E+00
  0.29000000E+01 -0.34467253E+00  0.10916654E+00
  0.29050000E+01 -0.35591945E+00  0.99217017E-01
  0.29100000E+01 -0.36469618E+00  0.89144688E-01
  0.29150000E+01 -0.37237811E+00  0.76636235E-01
  0.29200000E+01 -0.37919347E+00  0.62979142E-01
  0.29250000E+01 -0.38505769E+00  0.48100890E-01
  0.29300000E+01 -0.38988348E+00  0.32539000E-01
  0.29350000E+01 -0.39363744E+00  0.16176627E-01
  0.29400000E+01 -0.39629408E+00 -0.64823886E-03
  0.29450000E+01 -0.39784883E+00 -0.18006277E-01
  0.29500000E+01 -0.39831132E+00 -0.35909981E-01
  0.29550000E+01 -0.39767925E+00 -0.54084482E-01
  0.29600000E+01 -0.39595872E+00 -0.72407622E-01
  0.29650000E+01 -0.39313541E+00 -0.90649683E-01
  0.29700000E+01 -0.38918868E+00 -0.10876963E+00
  0.29750000E+01 -0.38407925E+00 -0.12691151E+00
  0.29800000E+01 -0.37774850E+00 -0.14534200E+00
  0.29850000E+01 -0.37008977E+00 -0.16436829E+00
  0.29900000E+01 -0.36095350E+00 -0.18413064E+00
  0.29950000E+01 -0.35011750E+00 -0.20466261E+00
  0.30000000E+01 -0.33721740E+00 -0.22550323E+00
  0.30050000E+01 -0.32166208E+00 -0.24654481E+00
  0.30100000E+01 -0.30230944E+00 -0.26712370E+00
  0.30150000E+01 -0.27655021E+00 -0.28706620E+00
  0.30200000E+01 -0.23576985E+00 -0.29962683E+00
  0.30250000E+01 -0.19626412E+00  0.13671861E+00
  0.30300000E+01 -0.25353061E+00 -0.18320279E+00
  0.30350000E+01 -0.25679000E+00 -0.20289353E+00
  0.30400000E+01 -0.25193649E+00 -0.22448145E+00
  0.30450000E+01 -0.24390652E+00 -0.24523898E+00
  0.30500000E+01 -0.23399328E+00 -0.26355646E+00
  0.30550000E+01 -0.22262010E+00 -0.28019602E+00
  0.30600000E+01 -0.20990820E+00 -0.29584825E+00
  0.30650000E+01 -0.19584110E+00 -0.31070351E+00
  0.30700000E+01 -0.18030886E+00 -0.32496461E+00
  0.30750000E+01 -0.16318880E+00 -0.33886131E+00
  0.30800000E+01 -0.14422686E+00 -0.35171616E+00
  0.30850000E+01 -0.12311913E+00 -0.36099537E+00
  0.30900000E+01 -0.10011678E+00 -0.38302453E+00
  0.30950000E+01 -0.86031380E-01 -0.34662340E+00
  0.31000000E+01 -0.76297336E-01 -0.32926327E+00
  0.31050000E+01 -0.65609500E-01 -0.31844768E+00
  0.31100000E+01 -0.54033736E-01 -0.30992687E+00
  0.31150000E+01 -0.41626392E-01 -0.30410521E+00
  0.31200000E+01 -0.28672553E-01 -0.30219673E+00
  0.31250000E+01 -0.16759524E-01 -0.28605127E+00
  0.31300000E+01 -0.55842608E-02 -0.27193370E+00
  0.31350000E+01  0.53235042E-02 -0.25966039E+00
  0.31400000E+01  0.15650655E-01 -0.24653957E+00
  0.31450000E+01  0.24902455E-01 -0.23168367E+00
  0.31500000E+01  0.32632537E-01 -0.21411538E+00
  0.31550000E+01  0.38384415E-01 -0.19393297E+00
  0.31600000E+01  0.41782932E-01 -0.17136182E+00
  0.31650000E+01  0.42578980E-01 -0.14749468E+00
  0.31700000E+01  0.40578477E-01 -0.12379529E+00
  0.31750000E+01  0.35723556E-01 -0.10196163E+00
  0.31800000E+01  0.27953805E-01 -0.84108979E-01
  0.31850000E+01  0.17328993E-01 -0.73244671E-01
  0.31900000E+01  0.43047061E-02 -0.73216824E-01
  0.31950000E+01 -0.97854676E-02 -0.85862216E-01
  0.32000000E+01 -0.21925810E-01 -0.11320808E+00
  0.32050000E+01 -0.27071227E-01 -0.15067922E+00
  0.32100000E+01 -0.25163508E-01 -0.16456576E+00
  0.32150000E+01 -0.55571685E-02 -0.15209804E+00
  0.32200000E+01 -0.78039952E-01  0.96564902E-01
  0.32250000E+01 -0.26563941E+00 -0.56807233E+00
  0.32300000E+01 -0.10902989E+00 -0.91387773E+00
  0.32350000E+01  0.55162814E-02 -0.56365043E+00
  0.32400000E+01  0.74410717E-01 -0.43334511E+00
  0.32450000E+01  0.12461775E+00 -0.39752540E+00
  0.32500000E+01  0.16361279E+00 -0.39101839E+00
  0.32550000E+01  0.20433181E+00 -0.33924877E+00
  0.32600000E+01  0.23963831E+00 -0.26931004E+00
  0.32650000E+01  0.26893953E+00 -0.18927069E+00
  0.32700000E+01  0.29204961E+00 -0.10175776E+00
  0.32750000E+01  0.30875206E+00 -0.28215136E-02
  0.32800000E+01  0.31844535E+00  0.11079910E+00
  0.32850000E+01  0.32032339E+00  0.24045173E+00
  0.32900000E+01  0.31240885E+00  0.38965845E+00
  0.32950000E+01  0.28828289E+00  0.59813768E+00
  0.33000000E+01  0.22012893E+00  0.10232675E+01
  0.33050000E+01 -0.23638055E+00  0.30940736E+01
  0.33100000E+01 -0.20719522E+01  0.19369937E+01
  0.33150000E+01 -0.40455324E+00 -0.62678749E+00
  0.33200000E+01 -0.53202694E+00 -0.12188646E+01
  0.33250000E+01 -0.64917546E-01 -0.46710226E+00
  0.33300000E+01 -0.61465839E-02 -0.28114463E+00
  0.33350000E+01  0.17760500E-01 -0.20476283E+00
  0.33400000E+01  0.78568098E-01 -0.22237382E+00
  0.33450000E+01  0.65294724E-01 -0.46337085E-01
  0.33500000E+01  0.30422358E-01 -0.56807846E-01
  0.33550000E+01  0.42164951E-01  0.20371963E+00
  0.33600000E+01 -0.72478612E-02 -0.57956453E-01
  0.33650000E+01 -0.70695713E-02 -0.28759552E-01
  0.33700000E+01 -0.27417213E-03 -0.65441537E-01
  0.33750000E+01 -0.54212598E-02  0.10619982E+00
  0.33800000E+01 -0.62143586E-02  0.54947936E-01
  0.33850000E+01 -0.54357464E-01  0.22615546E+00
  0.33900000E+01 -0.90414173E-01 -0.28571928E-01
  0.33950000E+01 -0.52742311E-01  0.26362807E-01
  0.34000000E+01 -0.56872243E-01  0.88594053E-01
  0.34050000E+01 -0.67875392E-01  0.85204863E-01
  0.34100000E+01 -0.76141499E-01  0.41749214E-01
  0.34150000E+01 -0.81535882E-01  0.29784728E-01
  0.34200000E+01 -0.86422477E-01  0.15860840E-01
  0.34250000E+01 -0.93935553E-01  0.26261053E-01
  0.34300000E+01 -0.10306023E+00  0.17041380E-01
  0.34350000E+01 -0.11449322E+00  0.46727460E-01
  0.34400000E+01 -0.13350874E+00  0.10955912E+00
  0.34450000E+01 -0.13082682E+00 -0.43691427E-01
  0.34500000E+01 -0.96102258E-01 -0.42490903E-01
  0.34550000E+01 -0.11364706E+00  0.13247096E+00
  0.34600000E+01 -0.13228000E+00  0.87443964E-01
  0.34650000E+01 -0.14059113E+00  0.37095278E-01
  0.34700000E+01 -0.14747359E+00  0.41832292E-01
  0.34750000E+01 -0.15442977E+00  0.39289194E-01
  0.34800000E+01 -0.16089474E+00  0.21438359E-01
  0.34850000E+01 -0.16944352E+00  0.18798683E-01
  0.34900000E+01 -0.17844108E+00  0.30709385E-01
  0.34950000E+01 -0.17938008E+00 -0.44559989E-03
  0.35000000E+01 -0.17539482E+00 -0.29561464E-01
  0.35050000E+01 -0.16917894E+00 -0.48647378E-01
  0.35100000E+01 -0.16161572E+00 -0.65752838E-01
  0.35150000E+01 -0.15171146E+00 -0.90549377E-01
  0.35200000E+01 -0.13847581E+00 -0.87837799E-01
  0.35250000E+01 -0.12782397E+00 -0.81980239E-01
  0.35300000E+01 -0.11558490E+00 -0.82302196E-01
  0.35350000E+01 -0.10255590E+00 -0.73730683E-01
  0.35400000E+01 -0.89206719E-01 -0.63870076E-01
  0.35450000E+01 -0.76273417E-01 -0.48615234E-01
  0.35500000E+01 -0.64735742E-01 -0.28837548E-01
  0.35550000E+01 -0.55642708E-01 -0.71922303E-02
  0.35600000E+01 -0.49743499E-01  0.13646474E-01
  0.35650000E+01 -0.47022948E-01  0.28561431E-01
  0.35700000E+01 -0.45809777E-01  0.26869793E-01
  0.35750000E+01 -0.37127045E-01 -0.32761952E-01
  0.35800000E+01  0.19381167E+00 -0.49055345E+00
  0.35850000E+01  0.12270080E+00  0.17919893E+01
  0.35900000E+01 -0.34259338E+00 -0.20757752E+00
  0.35950000E+01 -0.84632838E-01  0.73611895E+00
  0.36000000E+01 -0.33958512E+00  0.46642910E+00
  0.36050000E+01 -0.63237634E+00 -0.84725934E+00
  0.36100000E+01 -0.25987635E+00 -0.39306143E-02
  0.36150000E+01 -0.24302416E+00 -0.75139515E+00
  0.36200000E+01 -0.10139671E+00 -0.14000455E+00
  0.36250000E+01 -0.81599849E-01 -0.12206135E+00
  0.36300000E+01 -0.55451822E-01 -0.13634181E+00
  0.36350000E+01 -0.91653307E-02 -0.11928692E+00
  0.36400000E+01  0.57282979E-01 -0.14376845E+00
  0.36450000E+01  0.33497174E-01  0.95645881E-01
  0.36500000E+01 -0.21291010E-01  0.25795551E+00
  0.36550000E+01 -0.37624582E-03  0.47216352E+00
  0.36600000E+01 -0.11594919E+00  0.53302668E+00
  0.36650000E+01  0.12176887E-01  0.61376938E+00
  0.36700000E+01 -0.73261676E-01  0.65489805E+00
  0.36750000E+01 -0.17617364E+00  0.67937658E+00
  0.36800000E+01 -0.25101708E+00  0.67974541E+00
  0.36850000E+01 -0.31989725E+00  0.68159749E+00
  0.36900000E+01 -0.39080320E+00  0.68542198E+00
  0.36950000E+01 -0.46806343E+00  0.68549935E+00
  0.37000000E+01 -0.56029599E+00  0.69488528E+00
  0.37050000E+01 -0.66589761E+00  0.64492014E+00
  0.37100000E+01 -0.75314306E+00  0.53924238E+00
  0.37150000E+01 -0.81615954E+00  0.41503584E+00
  0.37200000E+01 -0.85520892E+00  0.28422081E+00
  0.37250000E+01 -0.86715079E+00  0.11238934E+00
  0.37300000E+01 -0.96979968E+00  0.21643606E+00
  0.37350000E+01 -0.10831233E+01  0.21280638E+00
  0.37400000E+01 -0.11401367E+01 -0.99531118E+00
  0.37450000E+01 -0.80016449E+00 -0.59027002E+00
  0.37500000E+01 -0.74895262E+00 -0.45283313E+00
  0.37550000E+01 -0.69114716E+00 -0.79225030E+00
  0.37600000E+01 -0.62714519E+00 -0.66900812E+00
  0.37650000E+01 -0.59117491E+00 -0.76945495E+00
  0.37700000E+01 -0.75662099E+00 -0.64856268E+00
  0.37750000E+01 -0.64400751E+00 -0.13774603E+01
  0.37800000E+01 -0.31521929E+00 -0.16152742E+01
  0.37850000E+01  0.73564353E+00 -0.30083778E+01
  0.37900000E+01  0.62410620E+00 -0.50861919E+00
  0.37950000E+01  0.10820837E+01  0.52502500E+00
  0.38000000E+01 -0.27125044E-01  0.88002262E+00
  0.38050000E+01 -0.35819031E+00 -0.67811120E-02
  0.38100000E+01 -0.39893002E+00 -0.27179077E+00
  0.38150000E+01 -0.37200564E+00 -0.71043681E+00
  0.38200000E+01 -0.30683531E+00 -0.30591188E+00
  0.38250000E+01 -0.27321555E+00 -0.37461736E+00
  0.38300000E+01 -0.19897727E+00 -0.21904987E+00
  0.38350000E+01 -0.31716695E-01  0.42569526E+00
  0.38400000E+01 -0.49923576E+00  0.95054588E+00
  0.38450000E+01 -0.14214822E+01  0.39734957E+01
  0.38500000E+01 -0.92321733E+00 -0.12958512E+01
  0.38550000E+01 -0.71128258E+00 -0.81739906E+00
  0.38600000E+01 -0.59160324E+00 -0.76260397E+00
  0.38650000E+01 -0.59491744E+00 -0.32120510E+00
  0.38700000E+01 -0.82301280E+00 -0.17219854E+00
  0.38750000E+01 -0.78501811E+00 -0.85178787E+00
  0.38800000E+01 -0.83446043E+00 -0.65454830E+00
  0.38850000E+01 -0.10403251E+01 -0.81146410E+00
  0.38900000E+01 -0.89829850E+00 -0.96485177E+00
  0.38950000E+01 -0.91743192E+00 -0.80745050E+00
  0.39000000E+01 -0.63283632E+00 -0.22675664E+01
  0.39050000E+01 -0.19593254E+00 -0.24839062E+01
  0.39100000E+01  0.10976226E+00 -0.25683537E+01
  0.39150000E+01  0.43040653E+00 -0.26278444E+01
  0.39200000E+01  0.71498504E+00 -0.29176268E+01
  0.39250000E+01  0.13329898E+01 -0.35660987E+01
  0.39300000E+01  0.24339793E+01 -0.35485025E+01
  0.39350000E+01  0.40050852E+01  0.38287560E+01
  0.39400000E+01  0.13519468E+01  0.23335561E+01
  0.39450000E+01  0.53695580E+00  0.49730731E+00
  0.39500000E+01  0.38199437E+00  0.30630244E+00
  0.39550000E+01  0.12529048E+00 -0.22738032E+00
  0.39600000E+01  0.92319226E-01 -0.54366743E+00
  0.39650000E+01  0.12822551E+00 -0.73485534E+00
  0.39700000E+01  0.16963649E+00 -0.79143581E+00
  0.39750000E+01  0.23030941E+00 -0.77702058E+00
  0.39800000E+01  0.30983855E+00 -0.91685271E+00
  0.39850000E+01  0.37768013E+00 -0.80193275E+00
  0.39900000E+01  0.41033758E+00 -0.78882221E+00
  0.39950000E+01  0.44150082E+00 -0.57816521E+00
  0.40000000E+01  0.43361423E+00 -0.35587515E+00
  0.40050000E+01  0.44795444E+00 -0.33430131E+00
  0.40100000E+01  0.44718588E+00 -0.16033218E+00
  0.40150000E+01  0.41888159E+00 -0.30540052E-02
  0.40200000E+01  0.39586979E+00  0.37054987E-01
  0.40250000E+01  0.39170748E+00  0.40405858E-01
  0.40300000E+01  0.40229172E+00  0.14172990E+00
  0.40350000E+01  0.37552094E+00  0.29993108E+00
  0.40400000E+01  0.32740916E+00  0.42992709E+00
  0.40450000E+01  0.24367442E+00  0.57181714E+00
  0.40500000E+01  0.64969793E-01  0.73941195E+00
  0.40550000E+01 -0.12488800E+00 -0.38086444E+00
  0.40600000E+01  0.70469028E-01  0.75103247E-01
  0.40650000E+01  0.14303452E+00  0.31777962E-01
  0.40700000E+01  0.21769067E+00  0.14288368E+00
  0.40750000E+01  0.24230877E+00  0.15784871E+00
  0.40800000E+01  0.28108999E+00  0.19360277E+00
  0.40850000E+01  0.31911109E+00  0.28460051E+00
  0.40900000E+01  0.33510796E+00  0.47100387E+00
  0.40950000E+01  0.33175565E+00  0.69862148E+00
  0.41000000E+01  0.30100979E+00  0.87187899E+00
  0.41050000E+01  0.23316452E+00  0.10393618E+01
  0.41100000E+01  0.11877214E+00  0.11477588E+01
  0.41150000E+01 -0.86191705E-02  0.11748132E+01
  0.41200000E+01 -0.10593855E+00  0.11495600E+01
  0.41250000E+01 -0.17295029E+00  0.11249953E+01
  0.41300000E+01 -0.22611717E+00  0.11472691E+01
  0.41350000E+01 -0.28702009E+00  0.11886268E+01
  0.41400000E+01 -0.36901032E+00  0.12017446E+01
  0.41450000E+01 -0.46665385E+00  0.12609912E+01
  0.41500000E+01 -0.74916916E+00  0.14118344E+01
  0.41550000E+01 -0.66147816E+00  0.90150807E+00
  0.41600000E+01 -0.84286901E+00  0.50031351E+00
  0.41650000E+01 -0.46095581E+00 -0.52352175E+00
  0.41700000E+01 -0.54168267E+00  0.12605183E+01
  0.41750000E+01 -0.79346981E+00  0.10344255E+01
  0.41800000E+01 -0.98956502E+00  0.92933179E+00
  0.41850000E+01 -0.12393545E+01  0.70393109E+00
  0.41900000E+01 -0.14729046E+01  0.30899812E+00
  0.41950000E+01 -0.14135752E+01 -0.70927312E+00
  0.42000000E+01 -0.94857990E+00 -0.10952106E+01
  0.42050000E+01 -0.82685329E+00 -0.92602823E+00
  0.42100000E+01 -0.70104065E+00 -0.81061974E+00
  0.42150000E+01 -0.20554177E+00 -0.15250832E+01
  0.42200000E+01  0.65411565E-01 -0.97229383E+00
  0.42250000E+01 -0.43029824E-01 -0.56198252E+00
  0.42300000E+01 -0.37423609E-02 -0.68083602E+00
  0.42350000E+01  0.22715039E+00 -0.71509348E+00
  0.42400000E+01  0.26014631E+00 -0.82490654E+00
  0.42450000E+01  0.28801809E+00 -0.26720134E+00
  0.42500000E+01  0.36509473E+00 -0.40025982E+00
  0.42550000E+01  0.57630185E+00 -0.37081855E+00
  0.42600000E+01  0.92432830E+00 -0.10758596E+00
  0.42650000E+01  0.12632178E+01  0.53685172E+00
  0.42700000E+01  0.17709150E+01  0.19641686E+01
  0.42750000E+01 -0.22210907E+00  0.18026454E+01
  0.42800000E+01 -0.25097475E+00  0.15495543E+01
  0.42850000E+01 -0.58340166E+00  0.46617431E+01
  0.42900000E+01 -0.95245801E+00  0.35196590E+00
  0.42950000E+01 -0.79450164E+00  0.33683695E+00
  0.43000000E+01 -0.72506884E+00  0.30142625E+00
  0.43050000E+01 -0.69542129E+00  0.28205472E+00
  0.43100000E+01 -0.68669014E+00  0.25774666E+00
  0.43150000E+01 -0.68983180E+00  0.21783347E+00
  0.43200000E+01 -0.70787154E+00  0.15279682E+00
  0.43250000E+01 -0.75402592E+00 -0.44570160E+00
  0.43300000E+01 -0.37592159E+00  0.48344603E+00
  0.43350000E+01 -0.54366810E+00  0.42471290E+00
  0.43400000E+01 -0.65110421E+00  0.28412490E+00
  0.43450000E+01 -0.71329093E+00  0.21903551E+00
  0.43500000E+01 -0.76376803E+00  0.13932157E+00
  0.43550000E+01 -0.80235362E+00  0.39590537E-01
  0.43600000E+01 -0.84185563E+00  0.22311111E-01
  0.43650000E+01 -0.89538221E+00 -0.26441262E-01
  0.43700000E+01 -0.96992071E+00 -0.73718597E-01
  0.43750000E+01 -0.11068130E+01 -0.12630379E+00
  0.43800000E+01 -0.12492539E+01 -0.16263908E+01
  0.43850000E+01 -0.93130880E+00 -0.17533666E+01
  0.43900000E+01 -0.70281119E+00 -0.99676591E+00
  0.43950000E+01 -0.58638684E+00 -0.10489254E+01
  0.44000000E+01 -0.49998162E+00 -0.10164961E+01
  0.44050000E+01 -0.40275998E+00 -0.88979360E+00
  0.44100000E+01 -0.38273831E+00 -0.86061539E+00
  0.44150000E+01 -0.33608973E+00 -0.87366809E+00
  0.44200000E+01 -0.26520047E+00 -0.92718130E+00
  0.44250000E+01 -0.16504937E+00 -0.94488537E+00
  0.44300000E+01 -0.22318227E-01 -0.93502548E+00
  0.44350000E+01  0.28543558E+00 -0.49508846E+00
  0.44400000E+01 -0.22071671E+00 -0.13382752E+00
  0.44450000E+01 -0.15879490E+00 -0.55860723E+00
  0.44500000E+01 -0.32149783E+00 -0.30607625E+00
  0.44550000E+01 -0.27849370E+00 -0.62424151E+00
  0.44600000E+01 -0.30738074E+00 -0.53863235E+00
  0.44650000E+01 -0.30694429E+00 -0.59954966E+00
  0.44700000E+01 -0.30272403E+00 -0.62729425E+00
  0.44750000E+01 -0.29743589E+00 -0.64702962E+00
  0.44800000E+01 -0.30240787E+00 -0.67043254E+00
  0.44850000E+01 -0.27607872E+00 -0.71791987E+00
  0.44900000E+01 -0.26409169E+00 -0.71904819E+00
  0.44950000E+01 -0.24061628E+00 -0.75144360E+00
  0.45000000E+01 -0.21241299E+00 -0.80706491E+00
  0.45050000E+01 -0.17216048E+00 -0.66200213E+00
  0.45100000E+01 -0.62741501E-01 -0.92848081E+00
  0.45150000E+01 -0.66937434E-01 -0.73119003E+00
  0.45200000E+01 -0.10002778E+00 -0.61972865E+00
  0.45250000E+01 -0.15896395E+00 -0.49961609E+00
  0.45300000E+01 -0.26568885E+00 -0.34072250E+00
  0.45350000E+01 -0.32836949E+00 -0.35928722E+00
  0.45400000E+01 -0.36205632E+00 -0.47650821E+00
  0.45450000E+01 -0.32993540E+00 -0.29474265E+00
  0.45500000E+01 -0.25314080E+00 -0.58458887E+00
  0.45550000E+01 -0.21365884E+00 -0.44911367E+00
  0.45600000E+01 -0.19697066E+00 -0.35879181E+00
  0.45650000E+01 -0.20170932E+00 -0.23860521E+00
  0.45700000E+01 -0.22910039E+00 -0.32717892E-01
  0.45750000E+01 -0.30891367E+00  0.23067672E+00
  0.45800000E+01 -0.44135812E+00  0.40654664E+00
  0.45850000E+01 -0.50586518E+00  0.66210872E+00
  0.45900000E+01 -0.82847595E+00  0.19373281E+01
  0.45950000E+01 -0.27003352E+01  0.15888165E+01
  0.46000000E+01 -0.34014840E+01 -0.36298429E+01
  0.46050000E+01 -0.16670074E+01 -0.80317146E+01
  0.46100000E+01 -0.30269019E+00 -0.24604387E+01
  0.46150000E+01 -0.26304960E+00 -0.32745755E+01
  0.46200000E+01 -0.13912696E+00 -0.25461236E+01
  0.46250000E+01  0.25795085E-01 -0.31915221E+01
  0.46300000E+01  0.43079436E+00 -0.32803621E+01
  0.46350000E+01  0.78627712E+00 -0.27352693E+01
  0.46400000E+01  0.10329986E+01 -0.25201740E+01
  0.46450000E+01  0.11463530E+01 -0.19336213E+01
  0.46500000E+01  0.12314236E+01 -0.19294707E+01
  0.46550000E+01  0.14134591E+01 -0.18985842E+01
  0.46600000E+01  0.11953206E+01  0.65270363E+00
  0.46650000E+01  0.35364462E+00  0.43842982E+00
  0.46700000E+01  0.12199426E+00 -0.22465607E+01
  0.46750000E+01  0.33039184E+00 -0.21684393E+01
  0.46800000E+01  0.10240376E+01 -0.51497121E+01
  0.46850000E+01  0.43059300E+01 -0.48936571E+01
  0.46900000E+01  0.83628143E+01  0.17496746E+01
  0.46950000E+01 -0.24437064E+01  0.39261518E+01
  0.47000000E+01 -0.36256728E+00 -0.43192844E+01
  0.47050000E+01 -0.45187843E+00 -0.88745396E+01
  0.47100000E+01  0.36884900E+01 -0.94495149E+00
  0.47150000E+01  0.80312111E+00  0.32114737E+01
  0.47200000E+01  0.62887041E+00  0.14766043E+01
  0.47250000E+01  0.33405378E+00  0.86734104E+00
  0.47300000E+01  0.23085678E+00  0.69303539E+00
  0.47350000E+01 -0.15912873E+00  0.14474315E+01
  0.47400000E+01 -0.82364401E+00  0.16449561E+01
  0.47450000E+01 -0.21219987E+01 -0.12526790E+01
  0.47500000E+01  0.65936465E+01 -0.48851888E+01
  0.47550000E+01  0.28677521E+00  0.12933208E+01
  0.47600000E+01  0.79520100E-01  0.22587425E+00
  0.47650000E+01  0.15865896E+00 -0.17510708E+00
  0.47700000E+01  0.41305622E+00 -0.63081470E+00
  0.47750000E+01  0.91582978E+00 -0.51237721E+00
  0.47800000E+01  0.10257483E+01 -0.20855804E+00
  0.47850000E+01  0.10037796E+01 -0.13214152E+00
  0.47900000E+01  0.10931035E+01 -0.15406847E+00
  0.47950000E+01  0.11137151E+01  0.93752331E-01
  0.48000000E+01  0.11834623E+01  0.12151556E+00
  0.48050000E+01  0.13923514E+01  0.22989477E+00
  0.48100000E+01  0.14500576E+01  0.57149056E+00
  0.48150000E+01  0.13731243E+01  0.12211883E+01
  0.48200000E+01  0.11970415E+01  0.16923276E+01
  0.48250000E+01  0.99282044E+00  0.23390659E+01
  0.48300000E+01  0.56817098E+00  0.23362191E+01
  0.48350000E+01  0.97052738E-01  0.21415921E+01
  0.48400000E+01 -0.41828326E+00  0.21723049E+01
  0.48450000E+01 -0.65409426E+00  0.11572274E-01
  0.48500000E+01 -0.59055668E+00 -0.52368443E+00
  0.48550000E+01 -0.36051464E+00  0.46397219E+00
  0.48600000E+01 -0.20479536E+00 -0.42171865E+00
  0.48650000E+01  0.11753359E+01  0.21645919E+01
  0.48700000E+01  0.60081740E+00  0.18695316E+01
  0.48750000E+01  0.83059726E+00  0.18041633E+00
  0.48800000E+01  0.11926102E+01  0.27919817E+01
  0.48850000E+01  0.71194658E+00  0.38080919E+01
  0.48900000E+01 -0.77131413E-01  0.42655267E+01
  0.48950000E+01 -0.94897413E+00  0.44194885E+01
  0.49000000E+01 -0.19002627E+01  0.33261370E+01
  0.49050000E+01 -0.19896599E+01 -0.73061798E-01
  0.49100000E+01 -0.11304204E+01 -0.89648112E+00
  0.49150000E+01 -0.44358921E-01  0.10185752E+01
  0.49200000E+01 -0.39549000E+00  0.12298000E+01
  0.49250000E+01 -0.10885392E+01  0.22897608E+01
  0.49300000E+01 -0.16704776E+01  0.20649089E+00
  0.49350000E+01 -0.17111939E+01 -0.45727127E+00
  0.49400000E+01 -0.15269159E+01 -0.11571114E+01
  0.49450000E+01 -0.15222222E+01 -0.38879097E+00
  0.49500000E+01 -0.15294996E+01 -0.87856759E+00
  0.49550000E+01 -0.15867693E+01 -0.78599295E+00
  0.49600000E+01 -0.15529396E+01 -0.11049235E+01
  0.49650000E+01 -0.14703900E+01 -0.15599077E+01
  0.49700000E+01 -0.15629845E+01 -0.22052109E+01
  0.49750000E+01 -0.57920661E+00 -0.39268697E+01
  0.49800000E+01  0.13389069E+01 -0.59622218E+01
  0.49850000E+01  0.32986580E+01 -0.67715009E+00
  0.49900000E+01  0.28021354E+01  0.35232211E+01
  0.49950000E+01  0.19164103E+01  0.40289674E+01
  0.50000000E+01  0.11289861E+01  0.55987829E+01
