  0.00000000E+00  0.24714181E-43 -0.34085026E-16
  0.50000000E-02  0.24714232E-43 -0.18566595E+00
  0.10000000E-01  0.24714384E-43 -0.37133400E+00
  0.15000000E-01  0.24714639E-43 -0.55700625E+00
  0.20000000E-01  0.24714995E-43 -0.74268478E+00
  0.25000000E-01  0.24715453E-43 -0.92837170E+00
  0.30000000E-01  0.24716012E-43 -0.11140691E+01
  0.35000000E-01  0.24716674E-43 -0.12997791E+01
  0.40000000E-01  0.24717437E-43 -0.14855038E+01
  0.45000000E-01  0.24718302E-43 -0.16712453E+01
  0.50000000E-01  0.24719269E-43 -0.18570056E+01
  0.55000000E-01  0.24720337E-43 -0.20427870E+01
  0.60000000E-01  0.24721508E-43 -0.22285915E+01
  0.65000000E-01  0.24722780E-43 -0.24144212E+01
  0.70000000E-01  0.24724153E-43 -0.26002782E+01
  0.75000000E-01  0.24725629E-43 -0.27861648E+01
  0.80000000E-01  0.24727206E-43 -0.29720829E+01
  0.85000000E-01  0.24728886E-43 -0.31580347E+01
  0.90000000E-01  0.24730667E-43 -0.33440223E+01
  0.95000000E-01  0.24732549E-43 -0.35300479E+01
  0.10000000E+00  0.24734534E-43 -0.37161137E+01
  0.10500000E+00  0.24736620E-43 -0.39022216E+01
  0.11000000E+00  0.24738809E-43 -0.40883740E+01
  0.11500000E+00  0.24741099E-43 -0.42745730E+01
  0.12000000E+00  0.24743490E-43 -0.44608207E+01
  0.12500000E+00  0.24745984E-43 -0.46471192E+01
  0.13000000E+00  0.24748580E-43 -0.48334708E+01
  0.13500000E+00  0.24751277E-43 -0.50198777E+01
  0.14000000E+00  0.24754076E-43 -0.52063419E+01
  0.14500000E+00  0.24756977E-43 -0.53928658E+01
  0.15000000E+00  0.24759980E-43 -0.55794515E+01
  0.15500000E+00  0.24763085E-43 -0.57661012E+01
  0.16000000E+00  0.24766292E-43 -0.59528172E+01
  0.16500000E+00  0.24769600E-43 -0.61396016E+01
  0.17000000E+00  0.24773010E-43 -0.63264567E+01
  0.17500000E+00  0.24776523E-43 -0.65133847E+01
  0.18000000E+00  0.24780137E-43 -0.67003879E+01
  0.18500000E+00  0.24783853E-43 -0.68874686E+01
  0.19000000E+00  0.24787671E-43 -0.70746289E+01
  0.19500000E+00  0.24791591E-43 -0.72618713E+01
  0.20000000E+00  0.24795613E-43 -0.74491979E+01
  0.20500000E+00  0.24799737E-43 -0.76366111E+01
  0.21000000E+00  0.24803963E-43 -0.78241132E+01
  0.21500000E+00  0.24808290E-43 -0.80117065E+01
  0.22000000E+00  0.24812720E-43 -0.81993934E+01
  0.22500000E+00  0.24817252E-43 -0.83871762E+01
  0.23000000E+00  0.24821886E-43 -0.85750572E+01
  0.23500000E+00  0.24826621E-43 -0.87630389E+01
  0.24000000E+00  0.24831459E-43 -0.89511236E+01
  0.24500000E+00  0.24836399E-43 -0.91393137E+01
  0.25000000E+00  0.24841441E-43 -0.93276116E+01
  0.25500000E+00  0.24846585E-43 -0.95160199E+01
  0.26000000E+00  0.24851831E-43 -0.97045408E+01
  0.26500000E+00  0.24857179E-43 -0.98931769E+01
  0.27000000E+00  0.24862629E-43 -0.10081931E+02
  0.27500000E+00  0.24868181E-43 -0.10270805E+02
  0.28000000E+00  0.24873835E-43 -0.10459801E+02
  0.28500000E+00  0.24879592E-43 -0.10648923E+02
  0.29000000E+00  0.24885450E-43 -0.10838173E+02
  0.29500000E+00  0.24891411E-43 -0.11027552E+02
  0.30000000E+00  0.24897474E-43 -0.11217065E+02
  0.30500000E+00  0.24903639E-43 -0.11406713E+02
  0.31000000E+00  0.24909907E-43 -0.11596500E+02
  0.31500000E+00  0.24916276E-43 -0.11786427E+02
  0.32000000E+00  0.24922748E-43 -0.11976497E+02
  0.32500000E+00  0.24929322E-43 -0.12166714E+02
  0.33000000E+00  0.24935998E-43 -0.12357079E+02
  0.33500000E+00  0.24942777E-43 -0.12547596E+02
  0.34000000E+00  0.24949657E-43 -0.12738267E+02
  0.34500000E+00  0.24956641E-43 -0.12929096E+02
  0.35000000E+00  0.24963726E-43 -0.13120084E+02
  0.35500000E+00  0.24970914E-43 -0.13311235E+02
  0.36000000E+00  0.24978204E-43 -0.13502551E+02
  0.36500000E+00  0.24985596E-43 -0.13694036E+02
  0.37000000E+00  0.24993091E-43 -0.13885693E+02
  0.37500000E+00  0.25000689E-43 -0.14077524E+02
  0.38000000E+00  0.25008388E-43 -0.14269532E+02
  0.38500000E+00  0.25016191E-43 -0.14461720E+02
  0.39000000E+00  0.25024095E-43 -0.14654091E+02
  0.39500000E+00  0.25032102E-43 -0.14846649E+02
  0.40000000E+00  0.25040212E-43 -0.15039397E+02
  0.40500000E+00  0.25048424E-43 -0.15232337E+02
  0.41000000E+00  0.25056739E-43 -0.15425473E+02
  0.41500000E+00  0.25065156E-43 -0.15618808E+02
  0.42000000E+00  0.25073676E-43 -0.15812345E+02
  0.42500000E+00  0.25082298E-43 -0.16006087E+02
  0.43000000E+00  0.25091023E-43 -0.16200039E+02
  0.43500000E+00  0.25099851E-43 -0.16394202E+02
  0.44000000E+00  0.25108781E-43 -0.16588581E+02
  0.44500000E+00  0.25117814E-43 -0.16783179E+02
  0.45000000E+00  0.25126949E-43 -0.16978000E+02
  0.45500000E+00  0.25136188E-43 -0.17173047E+02
  0.46000000E+00  0.25145529E-43 -0.17368323E+02
  0.46500000E+00  0.25154973E-43 -0.17563832E+02
  0.47000000E+00  0.25164519E-43 -0.17759578E+02
  0.47500000E+00  0.25174169E-43 -0.17955565E+02
  0.48000000E+00  0.25183921E-43 -0.18151796E+02
  0.48500000E+00  0.25193776E-43 -0.18348276E+02
  0.49000000E+00  0.25203734E-43 -0.18545007E+02
  0.49500000E+00  0.25213795E-43 -0.18741995E+02
  0.50000000E+00  0.25223959E-43 -0.18939242E+02
  0.50500000E+00  0.25234225E-43 -0.19136753E+02
  0.51000000E+00  0.25244595E-43 -0.19334533E+02
  0.51500000E+00  0.25255068E-43 -0.19532585E+02
  0.52000000E+00  0.25265643E-43 -0.19730914E+02
  0.52500000E+00  0.25276322E-43 -0.19929523E+02
  0.53000000E+00  0.25287104E-43 -0.20128418E+02
  0.53500000E+00  0.25297989E-43 -0.20327603E+02
  0.54000000E+00  0.25308977E-43 -0.20527082E+02
  0.54500000E+00  0.25320068E-43 -0.20726860E+02
  0.55000000E+00  0.25331263E-43 -0.20926942E+02
  0.55500000E+00  0.25342565E-43 -0.21127332E+02
  0.56000000E+00  0.25354014E-43 -0.21328036E+02
  0.56500000E+00  0.25365974E-43 -0.21529058E+02
  0.57000000E+00  0.25381758E-43 -0.21730403E+02
  0.57500000E+00  0.25430687E-43 -0.21932076E+02
  0.58000000E+00  0.25765337E-43 -0.22134084E+02
  0.58500000E+00  0.28504961E-43 -0.22336430E+02
  0.59000000E+00  0.50980347E-43 -0.22539121E+02
  0.59500000E+00  0.23138834E-42 -0.22742163E+02
  0.60000000E+00  0.16446764E-41 -0.22945560E+02
  0.60500000E+00  0.12449554E-40 -0.23149318E+02
  0.61000000E+00  0.93084506E-40 -0.23353445E+02
  0.61500000E+00  0.68062575E-39 -0.23557945E+02
  0.62000000E+00  0.48613200E-38 -0.23762825E+02
  0.62500000E+00  0.33916530E-37 -0.23968091E+02
  0.63000000E+00  0.23117006E-36 -0.24173749E+02
  0.63500000E+00  0.15394513E-35 -0.24379807E+02
  0.64000000E+00  0.10017494E-34 -0.24586272E+02
  0.64500000E+00  0.63701406E-34 -0.24793149E+02
  0.65000000E+00  0.39588416E-33 -0.25000446E+02
  0.65500000E+00  0.24046054E-32 -0.25208171E+02
  0.66000000E+00  0.14275762E-31 -0.25416331E+02
  0.66500000E+00  0.82842667E-31 -0.25624934E+02
  0.67000000E+00  0.46992048E-30 -0.25833987E+02
  0.67500000E+00  0.26056955E-29 -0.26043499E+02
  0.68000000E+00  0.14124169E-28 -0.26253478E+02
  0.68500000E+00  0.74842942E-28 -0.26463933E+02
  0.69000000E+00  0.38769872E-27 -0.26674872E+02
  0.69500000E+00  0.19633536E-26 -0.26886304E+02
  0.70000000E+00  0.97200136E-26 -0.27098239E+02
  0.70500000E+00  0.47043705E-25 -0.27310687E+02
  0.71000000E+00  0.22258879E-24 -0.27523656E+02
  0.71500000E+00  0.10296077E-23 -0.27737158E+02
  0.72000000E+00  0.46559200E-23 -0.27951203E+02
  0.72500000E+00  0.20582675E-22 -0.28165802E+02
  0.73000000E+00  0.88952273E-22 -0.28380966E+02
  0.73500000E+00  0.37580838E-21 -0.28596706E+02
  0.74000000E+00  0.15521162E-20 -0.28813035E+02
  0.74500000E+00  0.62664780E-20 -0.29029965E+02
  0.75000000E+00  0.24731833E-19 -0.29247509E+02
  0.75500000E+00  0.95414308E-19 -0.29465680E+02
  0.76000000E+00  0.35981968E-18 -0.29684491E+02
  0.76500000E+00  0.13263532E-17 -0.29903958E+02
  0.77000000E+00  0.47788567E-17 -0.30124095E+02
  0.77500000E+00  0.16829300E-16 -0.30344918E+02
  0.78000000E+00  0.57925694E-16 -0.30566442E+02
  0.78500000E+00  0.19486104E-15 -0.30788684E+02
  0.79000000E+00  0.64063778E-15 -0.31011662E+02
  0.79500000E+00  0.20583505E-14 -0.31235394E+02
  0.80000000E+00  0.64629619E-14 -0.31459899E+02
  0.80500000E+00  0.19830648E-13 -0.31685196E+02
  0.81000000E+00  0.59459993E-13 -0.31911307E+02
  0.81500000E+00  0.17421585E-12 -0.32138253E+02
  0.82000000E+00  0.49879342E-12 -0.32366056E+02
  0.82500000E+00  0.13954780E-11 -0.32594741E+02
  0.83000000E+00  0.38150215E-11 -0.32824332E+02
  0.83500000E+00  0.10191739E-10 -0.33054856E+02
  0.84000000E+00  0.26606301E-10 -0.33286341E+02
  0.84500000E+00  0.67875492E-10 -0.33518815E+02
  0.85000000E+00  0.16921467E-09 -0.33752309E+02
  0.85500000E+00  0.41224575E-09 -0.33986856E+02
  0.86000000E+00  0.98141100E-09 -0.34222490E+02
  0.86500000E+00  0.22828913E-08 -0.34459247E+02
  0.87000000E+00  0.51879197E-08 -0.34697167E+02
  0.87500000E+00  0.11515169E-07 -0.34936289E+02
  0.88000000E+00  0.24955220E-07 -0.35176658E+02
  0.88500000E+00  0.52777317E-07 -0.35418321E+02
  0.89000000E+00  0.10884986E-06 -0.35661326E+02
  0.89500000E+00  0.21872566E-06 -0.35905728E+02
  0.90000000E+00  0.42768732E-06 -0.36151582E+02
  0.90500000E+00  0.81244922E-06 -0.36398952E+02
  0.91000000E+00  0.14961201E-05 -0.36647902E+02
  0.91500000E+00  0.26631293E-05 -0.36898504E+02
  0.92000000E+00  0.45651261E-05 -0.37150834E+02
  0.92500000E+00  0.75008655E-05 -0.37404978E+02
  0.93000000E+00  0.11749480E-04 -0.37661025E+02
  0.93500000E+00  0.17460336E-04 -0.37919075E+02
  0.94000000E+00  0.24607329E-04 -0.38179236E+02
  0.94500000E+00  0.33382745E-04 -0.38441628E+02
  0.95000000E+00  0.45860280E-04 -0.38706382E+02
  0.95500000E+00  0.70062291E-04 -0.38973643E+02
  0.96000000E+00  0.12639295E-03 -0.39243570E+02
  0.96500000E+00  0.25082910E-03 -0.39516344E+02
  0.97000000E+00  0.47607187E-03 -0.39792162E+02
  0.97500000E+00  0.75489762E-03 -0.40071249E+02
  0.98000000E+00  0.79802775E-03 -0.40353853E+02
  0.98500000E+00 -0.94213999E-04 -0.40640255E+02
  0.99000000E+00 -0.28405933E-02 -0.40930767E+02
  0.99500000E+00 -0.73484299E-02 -0.41225733E+02
  0.10000000E+01 -0.10035455E-01 -0.41525524E+02
  0.10050000E+01 -0.25198621E-02 -0.41830508E+02
  0.10100000E+01  0.20665360E-01 -0.42140984E+02
  0.10150000E+01  0.38132271E-01 -0.42456978E+02
  0.10200000E+01 -0.64699005E-02 -0.42777647E+02
  0.10250000E+01 -0.10242353E+00 -0.43099478E+02
  0.10300000E+01  0.13803289E+00 -0.43407305E+02
  0.10350000E+01  0.38110146E+00 -0.43678217E+02
  0.10400000E+01  0.53416095E+00 -0.43953500E+02
  0.10450000E+01  0.68934916E+00 -0.44229244E+02
  0.10500000E+01  0.82042530E+00 -0.44505979E+02
  0.10550000E+01  0.96005512E+00 -0.44783804E+02
  0.10600000E+01  0.10764530E+01 -0.45062528E+02
  0.10650000E+01  0.11161895E+01 -0.45340988E+02
  0.10700000E+01  0.10540862E+01 -0.45614965E+02
  0.10750000E+01  0.13116402E+01 -0.45872778E+02
  0.10800000E+01  0.20678312E+01 -0.46032437E+02
  0.10850000E+01  0.24613679E+01 -0.46197991E+02
  0.10900000E+01  0.27838370E+01 -0.46360721E+02
  0.10950000E+01  0.30427930E+01 -0.46523965E+02
  0.11000000E+01  0.32695277E+01 -0.46687819E+02
  0.11050000E+01  0.34710433E+01 -0.46852336E+02
  0.11100000E+01  0.36445123E+01 -0.47017554E+02
  0.11150000E+01  0.38031015E+01 -0.47183495E+02
  0.11200000E+01  0.39527203E+01 -0.47350148E+02
  0.11250000E+01  0.40920851E+01 -0.47517460E+02
  0.11300000E+01  0.42241964E+01 -0.47685346E+02
  0.11350000E+01  0.43536282E+01 -0.47853707E+02
  0.11400000E+01  0.44815001E+01 -0.48022448E+02
  0.11450000E+01  0.46063333E+01 -0.48191493E+02
  0.11500000E+01  0.47266643E+01 -0.48360786E+02
  0.11550000E+01  0.48416630E+01 -0.48530306E+02
  0.11600000E+01  0.49505851E+01 -0.48700072E+02
  0.11650000E+01  0.50526594E+01 -0.48870140E+02
  0.11700000E+01  0.51474959E+01 -0.49040599E+02
  0.11750000E+01  0.52353930E+01 -0.49211549E+02
  0.11800000E+01  0.53172718E+01 -0.49383091E+02
  0.11850000E+01  0.53943765E+01 -0.49555304E+02
  0.11900000E+01  0.54679513E+01 -0.49728249E+02
  0.11950000E+01  0.55389893E+01 -0.49901977E+02
  0.12000000E+01  0.56080672E+01 -0.50076541E+02
  0.12050000E+01  0.56752788E+01 -0.50252001E+02
  0.12100000E+01  0.57402908E+01 -0.50428405E+02
  0.12150000E+01  0.58025202E+01 -0.50605761E+02
  0.12200000E+01  0.58613866E+01 -0.50784029E+02
  0.12250000E+01  0.59165537E+01 -0.50963159E+02
  0.12300000E+01  0.59680809E+01 -0.51143120E+02
  0.12350000E+01  0.60164410E+01 -0.51323905E+02
  0.12400000E+01  0.60624082E+01 -0.51505492E+02
  0.12450000E+01  0.61068620E+01 -0.51687803E+02
  0.12500000E+01  0.61505675E+01 -0.51870698E+02
  0.12550000E+01  0.61939940E+01 -0.52054015E+02
  0.12600000E+01  0.62372142E+01 -0.52237644E+02
  0.12650000E+01  0.62799031E+01 -0.52421554E+02
  0.12700000E+01  0.63214329E+01 -0.52605773E+02
  0.12750000E+01  0.63610360E+01 -0.52790323E+02
  0.12800000E+01  0.63979978E+01 -0.52975175E+02
  0.12850000E+01  0.64318282E+01 -0.53160273E+02
  0.12900000E+01  0.64623732E+01 -0.53345594E+02
  0.12950000E+01  0.64898362E+01 -0.53531210E+02
  0.13000000E+01  0.65147088E+01 -0.53717280E+02
  0.13050000E+01  0.65376349E+01 -0.53903982E+02
  0.13100000E+01  0.65592532E+01 -0.54091433E+02
  0.13150000E+01  0.65800669E+01 -0.54279658E+02
  0.13200000E+01  0.66003748E+01 -0.54468616E+02
  0.13250000E+01  0.66202726E+01 -0.54658287E+02
  0.13300000E+01  0.66397053E+01 -0.54848734E+02
  0.13350000E+01  0.66585352E+01 -0.55040110E+02
  0.13400000E+01  0.66765951E+01 -0.55232588E+02
  0.13450000E+01  0.66937153E+01 -0.55426275E+02
  0.13500000E+01  0.67097329E+01 -0.55621159E+02
  0.13550000E+01  0.67245051E+01 -0.55817156E+02
  0.13600000E+01  0.67379386E+01 -0.56014192E+02
  0.13650000E+01  0.67500284E+01 -0.56212283E+02
  0.13700000E+01  0.67608828E+01 -0.56411543E+02
  0.13750000E+01  0.67707082E+01 -0.56612128E+02
  0.13800000E+01  0.67797448E+01 -0.56814158E+02
  0.13850000E+01  0.67881771E+01 -0.57017653E+02
  0.13900000E+01  0.67960610E+01 -0.57222538E+02
  0.13950000E+01  0.68033113E+01 -0.57428700E+02
  0.14000000E+01  0.68097634E+01 -0.57636077E+02
  0.14050000E+01  0.68152850E+01 -0.57844720E+02
  0.14100000E+01  0.68198790E+01 -0.58054768E+02
  0.14150000E+01  0.68237204E+01 -0.58266369E+02
  0.14200000E+01  0.68270992E+01 -0.58479595E+02
  0.14250000E+01  0.68302921E+01 -0.58694413E+02
  0.14300000E+01  0.68334257E+01 -0.58910731E+02
  0.14350000E+01  0.68364064E+01 -0.59128459E+02
  0.14400000E+01  0.68389590E+01 -0.59347573E+02
  0.14450000E+01  0.68407642E+01 -0.59568123E+02
  0.14500000E+01  0.68416301E+01 -0.59790210E+02
  0.14550000E+01  0.68416153E+01 -0.60013939E+02
  0.14600000E+01  0.68410346E+01 -0.60239368E+02
  0.14650000E+01  0.68403414E+01 -0.60466480E+02
  0.14700000E+01  0.68399331E+01 -0.60695213E+02
  0.14750000E+01  0.68399727E+01 -0.60925508E+02
  0.14800000E+01  0.68403108E+01 -0.61157357E+02
  0.14850000E+01  0.68405508E+01 -0.61390791E+02
  0.14900000E+01  0.68402337E+01 -0.61625854E+02
  0.14950000E+01  0.68390606E+01 -0.61862579E+02
  0.15000000E+01  0.68370535E+01 -0.62100989E+02
  0.15050000E+01  0.68345747E+01 -0.62341103E+02
  0.15100000E+01  0.68321905E+01 -0.62582940E+02
  0.15150000E+01  0.68304346E+01 -0.62826517E+02
  0.15200000E+01  0.68295745E+01 -0.63071845E+02
  0.15250000E+01  0.68294910E+01 -0.63318918E+02
  0.15300000E+01  0.68297320E+01 -0.63567703E+02
  0.15350000E+01  0.68297246E+01 -0.63818149E+02
  0.15400000E+01  0.68290532E+01 -0.64070219E+02
  0.15450000E+01  0.68276748E+01 -0.64323942E+02
  0.15500000E+01  0.68259635E+01 -0.64579424E+02
  0.15550000E+01  0.68245549E+01 -0.64836795E+02
  0.15600000E+01  0.68240559E+01 -0.65096126E+02
  0.15650000E+01  0.68247597E+01 -0.65357383E+02
  0.15700000E+01  0.68265078E+01 -0.65620443E+02
  0.15750000E+01  0.68287791E+01 -0.65885159E+02
  0.15800000E+01  0.68309695E+01 -0.66151444E+02
  0.15850000E+01  0.68327256E+01 -0.66419324E+02
  0.15900000E+01  0.68341585E+01 -0.66688945E+02
  0.15950000E+01  0.68358145E+01 -0.66960516E+02
  0.16000000E+01  0.68384058E+01 -0.67234195E+02
  0.16050000E+01  0.68424312E+01 -0.67509985E+02
  0.16100000E+01  0.68478916E+01 -0.67787713E+02
  0.16150000E+01  0.68542653E+01 -0.68067119E+02
  0.16200000E+01  0.68607794E+01 -0.68348011E+02
  0.16250000E+01  0.68668514E+01 -0.68630388E+02
  0.16300000E+01  0.68724691E+01 -0.68914445E+02
  0.16350000E+01  0.68782888E+01 -0.69200485E+02
  0.16400000E+01  0.68853698E+01 -0.69488753E+02
  0.16450000E+01  0.68946536E+01 -0.69779292E+02
  0.16500000E+01  0.69064490E+01 -0.70071902E+02
  0.16550000E+01  0.69202023E+01 -0.70366229E+02
  0.16600000E+01  0.69347057E+01 -0.70661962E+02
  0.16650000E+01  0.69486714E+01 -0.70959023E+02
  0.16700000E+01  0.69614019E+01 -0.71257615E+02
  0.16750000E+01  0.69732136E+01 -0.71558118E+02
  0.16800000E+01  0.69853788E+01 -0.71860874E+02
  0.16850000E+01  0.69995842E+01 -0.72166002E+02
  0.16900000E+01  0.70171535E+01 -0.72473327E+02
  0.16950000E+01  0.70384126E+01 -0.72782455E+02
  0.17000000E+01  0.70625168E+01 -0.73092969E+02
  0.17050000E+01  0.70878376E+01 -0.73404652E+02
  0.17100000E+01  0.71127281E+01 -0.73717610E+02
  0.17150000E+01  0.71362949E+01 -0.74032221E+02
  0.17200000E+01  0.71588044E+01 -0.74348917E+02
  0.17250000E+01  0.71815317E+01 -0.74667931E+02
  0.17300000E+01  0.72061406E+01 -0.74989162E+02
  0.17350000E+01  0.72339116E+01 -0.75312237E+02
  0.17400000E+01  0.72651976E+01 -0.75636710E+02
  0.17450000E+01  0.72993593E+01 -0.75962302E+02
  0.17500000E+01  0.73351821E+01 -0.76289044E+02
  0.17550000E+01  0.73715381E+01 -0.76617257E+02
  0.17600000E+01  0.74079501E+01 -0.76947368E+02
  0.17650000E+01  0.74447884E+01 -0.77279672E+02
  0.17700000E+01  0.74830335E+01 -0.77614173E+02
  0.17750000E+01  0.75237627E+01 -0.77950599E+02
  0.17800000E+01  0.75676388E+01 -0.78288589E+02
  0.17850000E+01  0.76146508E+01 -0.78627931E+02
  0.17900000E+01  0.76642022E+01 -0.78968709E+02
  0.17950000E+01  0.77154552E+01 -0.79311267E+02
  0.18000000E+01  0.77677235E+01 -0.79656043E+02
  0.18050000E+01  0.78207144E+01 -0.80003345E+02
  0.18100000E+01  0.78745343E+01 -0.80353226E+02
  0.18150000E+01  0.79295125E+01 -0.80705507E+02
  0.18200000E+01  0.79859894E+01 -0.81059925E+02
  0.18250000E+01  0.80442043E+01 -0.81416330E+02
  0.18300000E+01  0.81043282E+01 -0.81774804E+02
  0.18350000E+01  0.81665813E+01 -0.82135641E+02
  0.18400000E+01  0.82313204E+01 -0.82499187E+02
  0.18450000E+01  0.82990064E+01 -0.82865641E+02
  0.18500000E+01  0.83700537E+01 -0.83234932E+02
  0.18550000E+01  0.84446456E+01 -0.83606764E+02
  0.18600000E+01  0.85226301E+01 -0.83980792E+02
  0.18650000E+01  0.86035667E+01 -0.84356832E+02
  0.18700000E+01  0.86868987E+01 -0.84734954E+02
  0.18750000E+01  0.87721545E+01 -0.85115422E+02
  0.18800000E+01  0.88590671E+01 -0.85498517E+02
  0.18850000E+01  0.89475600E+01 -0.85884364E+02
  0.18900000E+01  0.90376426E+01 -0.86272849E+02
  0.18950000E+01  0.91293170E+01 -0.86663670E+02
  0.19000000E+01  0.92225899E+01 -0.87056506E+02
  0.19050000E+01  0.93176007E+01 -0.87451209E+02
  0.19100000E+01  0.94147797E+01 -0.87847882E+02
  0.19150000E+01  0.95148985E+01 -0.88246809E+02
  0.19200000E+01  0.96189160E+01 -0.88648258E+02
  0.19250000E+01  0.97276372E+01 -0.89052289E+02
  0.19300000E+01  0.98413303E+01 -0.89458687E+02
  0.19350000E+01  0.99595079E+01 -0.89867049E+02
  0.19400000E+01  0.10081025E+02 -0.90276980E+02
  0.19450000E+01  0.10204496E+02 -0.90688290E+02
  0.19500000E+01  0.10328869E+02 -0.91101067E+02
  0.19550000E+01  0.10453886E+02 -0.91515603E+02
  0.19600000E+01  0.10580218E+02 -0.91932190E+02
  0.19650000E+01  0.10709186E+02 -0.92350908E+02
  0.19700000E+01  0.10842251E+02 -0.92771513E+02
  0.19750000E+01  0.10980611E+02 -0.93193501E+02
  0.19800000E+01  0.11124666E+02 -0.93616297E+02
  0.19850000E+01  0.11270403E+02 -0.94039458E+02
  0.19900000E+01  0.11418570E+02 -0.94462937E+02
  0.19950000E+01  0.11557195E+02 -0.94893284E+02
  0.20000000E+01  0.11666920E+02 -0.95338465E+02
  0.20050000E+01  0.11807274E+02 -0.95785486E+02
  0.20100000E+01  0.11958655E+02 -0.96233680E+02
  0.20150000E+01  0.12118294E+02 -0.96682755E+02
  0.20200000E+01  0.12285077E+02 -0.97132455E+02
  0.20250000E+01  0.12458501E+02 -0.97582766E+02
  0.20300000E+01  0.12637950E+02 -0.98033964E+02
  0.20350000E+01  0.12822913E+02 -0.98486469E+02
  0.20400000E+01  0.13012970E+02 -0.98940599E+02
  0.20450000E+01  0.13207843E+02 -0.99396378E+02
  0.20500000E+01  0.13407340E+02 -0.99853552E+02
  0.20550000E+01  0.13611293E+02 -0.10031180E+03
  0.20600000E+01  0.13819518E+02 -0.10077100E+03
  0.20650000E+01  0.14031822E+02 -0.10123132E+03
  0.20700000E+01  0.14248049E+02 -0.10169316E+03
  0.20750000E+01  0.14468124E+02 -0.10215686E+03
  0.20800000E+01  0.14692085E+02 -0.10262244E+03
  0.20850000E+01  0.14920104E+02 -0.10308958E+03
  0.20900000E+01  0.15152507E+02 -0.10355781E+03
  0.20950000E+01  0.15389780E+02 -0.10402686E+03
  0.21000000E+01  0.15632528E+02 -0.10449677E+03
  0.21050000E+01  0.15881383E+02 -0.10496779E+03
  0.21100000E+01  0.16136962E+02 -0.10544005E+03
  0.21150000E+01  0.16399992E+02 -0.10591320E+03
  0.21200000E+01  0.16670254E+02 -0.10638639E+03
  0.21250000E+01  0.16939462E+02 -0.10685849E+03
  0.21300000E+01  0.17203943E+02 -0.10732881E+03
  0.21350000E+01  0.17532812E+02 -0.10780153E+03
  0.21400000E+01  0.17642042E+02 -0.10831551E+03
  0.21450000E+01  0.17853339E+02 -0.10883863E+03
  0.21500000E+01  0.18091922E+02 -0.10936604E+03
  0.21550000E+01  0.18350067E+02 -0.10989731E+03
  0.21600000E+01  0.18623518E+02 -0.11043188E+03
  0.21650000E+01  0.18912060E+02 -0.11096940E+03
  0.21700000E+01  0.19214003E+02 -0.11150988E+03
  0.21750000E+01  0.19528622E+02 -0.11205347E+03
  0.21800000E+01  0.19854945E+02 -0.11260023E+03
  0.21850000E+01  0.20192765E+02 -0.11314998E+03
  0.21900000E+01  0.20542355E+02 -0.11370235E+03
  0.21950000E+01  0.20904413E+02 -0.11425699E+03
  0.22000000E+01  0.21279931E+02 -0.11481372E+03
  0.22050000E+01  0.21669873E+02 -0.11537241E+03
  0.22100000E+01  0.22075003E+02 -0.11593279E+03
  0.22150000E+01  0.22495857E+02 -0.11649443E+03
  0.22200000E+01  0.22932862E+02 -0.11705682E+03
  0.22250000E+01  0.23386544E+02 -0.11761959E+03
  0.22300000E+01  0.23857588E+02 -0.11818255E+03
  0.22350000E+01  0.24346649E+02 -0.11874557E+03
  0.22400000E+01  0.24854100E+02 -0.11930829E+03
  0.22450000E+01  0.25379964E+02 -0.11987001E+03
  0.22500000E+01  0.25924117E+02 -0.12042985E+03
  0.22550000E+01  0.26486579E+02 -0.12098703E+03
  0.22600000E+01  0.27067689E+02 -0.12154110E+03
  0.22650000E+01  0.27668192E+02 -0.12209188E+03
  0.22700000E+01  0.28289277E+02 -0.12263915E+03
  0.22750000E+01  0.28932431E+02 -0.12318239E+03
  0.22800000E+01  0.29598960E+02 -0.12372070E+03
  0.22850000E+01  0.30289571E+02 -0.12425304E+03
  0.22900000E+01  0.31004447E+02 -0.12477853E+03
  0.22950000E+01  0.31743534E+02 -0.12529657E+03
  0.23000000E+01  0.32506560E+02 -0.12580679E+03
  0.23050000E+01  0.33293100E+02 -0.12630889E+03
  0.23100000E+01  0.34103123E+02 -0.12680248E+03
  0.23150000E+01  0.34937352E+02 -0.12728697E+03
  0.23200000E+01  0.35796830E+02 -0.12776181E+03
  0.23250000E+01  0.36682403E+02 -0.12822638E+03
  0.23300000E+01  0.37594974E+02 -0.12868008E+03
  0.23350000E+01  0.38536007E+02 -0.12912241E+03
  0.23400000E+01  0.39507170E+02 -0.12955309E+03
  0.23450000E+01  0.40509838E+02 -0.12997207E+03
  0.23500000E+01  0.41546202E+02 -0.13037930E+03
  0.23550000E+01  0.42619684E+02 -0.13077418E+03
  0.23600000E+01  0.43734767E+02 -0.13115609E+03
  0.23650000E+01  0.44856522E+02 -0.13153239E+03
  0.23700000E+01  0.46045707E+02 -0.13189434E+03
  0.23750000E+01  0.47290894E+02 -0.13224018E+03
  0.23800000E+01  0.48596738E+02 -0.13256874E+03
  0.23850000E+01  0.49972711E+02 -0.13287788E+03
  0.23900000E+01  0.51430306E+02 -0.13316406E+03
  0.23950000E+01  0.52987215E+02 -0.13342156E+03
  0.24000000E+01  0.54671691E+02 -0.13364149E+03
  0.24050000E+01  0.56526746E+02 -0.13380914E+03
  0.24100000E+01  0.58600459E+02 -0.13389653E+03
  0.24150000E+01  0.61019925E+02 -0.13383274E+03
  0.24200000E+01  0.64223482E+02 -0.13332210E+03
  0.24250000E+01  0.67252247E+02 -0.13246328E+03
  0.24300000E+01  0.69942101E+02 -0.13141729E+03
  0.24350000E+01  0.74871711E+02 -0.12913425E+03
  0.24400000E+01  0.74854556E+02 -0.12704867E+03
  0.24450000E+01  0.74970861E+02 -0.12558824E+03
  0.24500000E+01  0.75235331E+02 -0.12437462E+03
  0.24550000E+01  0.75288212E+02 -0.12328480E+03
  0.24600000E+01  0.75898755E+02 -0.12232904E+03
  0.24650000E+01  0.75670371E+02 -0.12150291E+03
  0.24700000E+01  0.76872113E+02 -0.12069219E+03
  0.24750000E+01  0.81467771E+02 -0.11844737E+03
  0.24800000E+01  0.79976558E+02 -0.11602845E+03
  0.24850000E+01  0.78332109E+02 -0.11477595E+03
  0.24900000E+01  0.77390390E+02 -0.11391767E+03
  0.24950000E+01  0.76600911E+02 -0.11310531E+03
  0.25000000E+01  0.75178260E+02 -0.11204331E+03
  0.25050000E+01  0.73512163E+02 -0.11132716E+03
  0.25100000E+01  0.73064103E+02 -0.11120351E+03
  0.25150000E+01  0.73110081E+02 -0.11084214E+03
  0.25200000E+01  0.72201621E+02 -0.11045170E+03
  0.25250000E+01  0.71003548E+02 -0.11037176E+03
  0.25300000E+01  0.70904733E+02 -0.11041468E+03
  0.25350000E+01  0.70914215E+02 -0.11029755E+03
  0.25400000E+01  0.70747906E+02 -0.11009142E+03
  0.25450000E+01  0.70586591E+02 -0.10984983E+03
  0.25500000E+01  0.70647407E+02 -0.10957718E+03
  0.25550000E+01  0.71057399E+02 -0.10886004E+03
  0.25600000E+01  0.65779486E+02 -0.10858893E+03
  0.25650000E+01  0.68423208E+02 -0.10918106E+03
  0.25700000E+01  0.69186302E+02 -0.10915632E+03
  0.25750000E+01  0.69362870E+02 -0.10924608E+03
  0.25800000E+01  0.69593311E+02 -0.10931723E+03
  0.25850000E+01  0.69787787E+02 -0.10936365E+03
  0.25900000E+01  0.69965339E+02 -0.10938756E+03
  0.25950000E+01  0.70137593E+02 -0.10939261E+03
  0.26000000E+01  0.70306204E+02 -0.10938215E+03
  0.26050000E+01  0.70469436E+02 -0.10935896E+03
  0.26100000E+01  0.70625824E+02 -0.10932534E+03
  0.26150000E+01  0.70776693E+02 -0.10928323E+03
  0.26200000E+01  0.70920366E+02 -0.10923427E+03
  0.26250000E+01  0.71057405E+02 -0.10917982E+03
  0.26300000E+01  0.71189157E+02 -0.10912098E+03
  0.26350000E+01  0.71316084E+02 -0.10905860E+03
  0.26400000E+01  0.71438095E+02 -0.10899335E+03
  0.26450000E+01  0.71554815E+02 -0.10892580E+03
  0.26500000E+01  0.71666135E+02 -0.10885642E+03
  0.26550000E+01  0.71772433E+02 -0.10878559E+03
  0.26600000E+01  0.71874252E+02 -0.10871358E+03
  0.26650000E+01  0.71972040E+02 -0.10864062E+03
  0.26700000E+01  0.72066226E+02 -0.10856683E+03
  0.26750000E+01  0.72157409E+02 -0.10849228E+03
  0.26800000E+01  0.72246380E+02 -0.10841693E+03
  0.26850000E+01  0.72333913E+02 -0.10834062E+03
  0.26900000E+01  0.72420443E+02 -0.10826318E+03
  0.26950000E+01  0.72505836E+02 -0.10818444E+03
  0.27000000E+01  0.72589388E+02 -0.10810420E+03
  0.27050000E+01  0.72669941E+02 -0.10802224E+03
  0.27100000E+01  0.72745872E+02 -0.10793841E+03
  0.27150000E+01  0.72812898E+02 -0.10785309E+03
  0.27200000E+01  0.72861768E+02 -0.10776952E+03
  0.27250000E+01  0.72791368E+02 -0.10771878E+03
  0.27300000E+01  0.72992450E+02 -0.10768488E+03
  0.27350000E+01  0.73266220E+02 -0.10758172E+03
  0.27400000E+01  0.73570083E+02 -0.10741020E+03
  0.27450000E+01  0.74435584E+02 -0.10705041E+03
  0.27500000E+01  0.74326166E+02 -0.10656059E+03
  0.27550000E+01  0.74071394E+02 -0.10624782E+03
  0.27600000E+01  0.73815060E+02 -0.10600672E+03
  0.27650000E+01  0.73554951E+02 -0.10581113E+03
  0.27700000E+01  0.73293293E+02 -0.10564927E+03
  0.27750000E+01  0.73030825E+02 -0.10551453E+03
  0.27800000E+01  0.72765838E+02 -0.10540273E+03
  0.27850000E+01  0.72498811E+02 -0.10531104E+03
  0.27900000E+01  0.72229921E+02 -0.10523749E+03
  0.27950000E+01  0.71958092E+02 -0.10518074E+03
  0.28000000E+01  0.71685382E+02 -0.10513966E+03
  0.28050000E+01  0.71413906E+02 -0.10511291E+03
  0.28100000E+01  0.71144689E+02 -0.10509951E+03
  0.28150000E+01  0.70878692E+02 -0.10509853E+03
  0.28200000E+01  0.70615702E+02 -0.10510918E+03
  0.28250000E+01  0.70353141E+02 -0.10513092E+03
  0.28300000E+01  0.70088037E+02 -0.10516367E+03
  0.28350000E+01  0.69827483E+02 -0.10520769E+03
  0.28400000E+01  0.69545922E+02 -0.10526057E+03
  0.28450000E+01  0.69423797E+02 -0.10528895E+03
  0.28500000E+01  0.69215093E+02 -0.10532042E+03
  0.28550000E+01  0.68986448E+02 -0.10535879E+03
  0.28600000E+01  0.68746908E+02 -0.10540333E+03
  0.28650000E+01  0.68496866E+02 -0.10545304E+03
  0.28700000E+01  0.68230314E+02 -0.10550712E+03
  0.28750000E+01  0.67948830E+02 -0.10556527E+03
  0.28800000E+01  0.67649571E+02 -0.10562814E+03
  0.28850000E+01  0.67344395E+02 -0.10567469E+03
  0.28900000E+01  0.67082583E+02 -0.10567635E+03
  0.28950000E+01  0.66704322E+02 -0.10568903E+03
  0.29000000E+01  0.66269679E+02 -0.10572989E+03
  0.29050000E+01  0.65818963E+02 -0.10580783E+03
  0.29100000E+01  0.65376912E+02 -0.10592219E+03
  0.29150000E+01  0.64952010E+02 -0.10606744E+03
  0.29200000E+01  0.64543198E+02 -0.10623802E+03
  0.29250000E+01  0.64148740E+02 -0.10642989E+03
  0.29300000E+01  0.63766146E+02 -0.10664035E+03
  0.29350000E+01  0.63393648E+02 -0.10686759E+03
  0.29400000E+01  0.63029908E+02 -0.10711043E+03
  0.29450000E+01  0.62673798E+02 -0.10736807E+03
  0.29500000E+01  0.62324473E+02 -0.10763997E+03
  0.29550000E+01  0.61980963E+02 -0.10792581E+03
  0.29600000E+01  0.61642333E+02 -0.10822540E+03
  0.29650000E+01  0.61307856E+02 -0.10853865E+03
  0.29700000E+01  0.60977171E+02 -0.10886561E+03
  0.29750000E+01  0.60650316E+02 -0.10920640E+03
  0.29800000E+01  0.60327508E+02 -0.10956133E+03
  0.29850000E+01  0.60009024E+02 -0.10993080E+03
  0.29900000E+01  0.59694925E+02 -0.11031538E+03
  0.29950000E+01  0.59385154E+02 -0.11071590E+03
  0.30000000E+01  0.59079018E+02 -0.11113368E+03
  0.30050000E+01  0.58776124E+02 -0.11157081E+03
  0.30100000E+01  0.58475203E+02 -0.11203083E+03
  0.30150000E+01  0.58174691E+02 -0.11252036E+03
  0.30200000E+01  0.57879467E+02 -0.11305562E+03
  0.30250000E+01  0.57865605E+02 -0.11365051E+03
  0.30300000E+01  0.57854960E+02 -0.11416139E+03
  0.30350000E+01  0.57752379E+02 -0.11464704E+03
  0.30400000E+01  0.57636838E+02 -0.11513392E+03
  0.30450000E+01  0.57508922E+02 -0.11562987E+03
  0.30500000E+01  0.57373942E+02 -0.11613926E+03
  0.30550000E+01  0.57234730E+02 -0.11666552E+03
  0.30600000E+01  0.57091567E+02 -0.11721208E+03
  0.30650000E+01  0.56942989E+02 -0.11778293E+03
  0.30700000E+01  0.56785500E+02 -0.11838303E+03
  0.30750000E+01  0.56617821E+02 -0.11901908E+03
  0.30800000E+01  0.56469294E+02 -0.11970013E+03
  0.30850000E+01  0.56432386E+02 -0.12043693E+03
  0.30900000E+01  0.55880505E+02 -0.12122033E+03
  0.30950000E+01  0.57427633E+02 -0.12164584E+03
  0.31000000E+01  0.58290195E+02 -0.12187727E+03
  0.31050000E+01  0.58839934E+02 -0.12211299E+03
  0.31100000E+01  0.59239696E+02 -0.12235350E+03
  0.31150000E+01  0.59559647E+02 -0.12259939E+03
  0.31200000E+01  0.59823070E+02 -0.12285147E+03
  0.31250000E+01  0.60019502E+02 -0.12311274E+03
  0.31300000E+01  0.60181952E+02 -0.12338268E+03
  0.31350000E+01  0.60316745E+02 -0.12366079E+03
  0.31400000E+01  0.60422490E+02 -0.12394756E+03
  0.31450000E+01  0.60501678E+02 -0.12424359E+03
  0.31500000E+01  0.60555540E+02 -0.12454938E+03
  0.31550000E+01  0.60586464E+02 -0.12486523E+03
  0.31600000E+01  0.60596766E+02 -0.12519130E+03
  0.31650000E+01  0.60588434E+02 -0.12552738E+03
  0.31700000E+01  0.60563066E+02 -0.12587289E+03
  0.31750000E+01  0.60519226E+02 -0.12622685E+03
  0.31800000E+01  0.60451315E+02 -0.12658810E+03
  0.31850000E+01  0.60351877E+02 -0.12695577E+03
  0.31900000E+01  0.60209921E+02 -0.12733024E+03
  0.31950000E+01  0.60006579E+02 -0.12771448E+03
  0.32000000E+01  0.59721210E+02 -0.12811426E+03
  0.32050000E+01  0.59352135E+02 -0.12854900E+03
  0.32100000E+01  0.58969806E+02 -0.12905365E+03
  0.32150000E+01  0.58678021E+02 -0.12960872E+03
  0.32200000E+01  0.58336090E+02 -0.13022154E+03
  0.32250000E+01  0.58154363E+02 -0.13092076E+03
  0.32300000E+01  0.58209884E+02 -0.13166485E+03
  0.32350000E+01  0.58272211E+02 -0.13243130E+03
  0.32400000E+01  0.58336352E+02 -0.13322629E+03
  0.32450000E+01  0.58443998E+02 -0.13405995E+03
  0.32500000E+01  0.58688475E+02 -0.13492942E+03
  0.32550000E+01  0.58993770E+02 -0.13580419E+03
  0.32600000E+01  0.59383683E+02 -0.13669638E+03
  0.32650000E+01  0.59865448E+02 -0.13760568E+03
  0.32700000E+01  0.60441339E+02 -0.13853158E+03
  0.32750000E+01  0.61152303E+02 -0.13947294E+03
  0.32800000E+01  0.62030986E+02 -0.14042447E+03
  0.32850000E+01  0.63097617E+02 -0.14137906E+03
  0.32900000E+01  0.64382339E+02 -0.14232118E+03
  0.32950000E+01  0.66052308E+02 -0.14321300E+03
  0.33000000E+01  0.68768696E+02 -0.14393975E+03
  0.33050000E+01  0.76151371E+02 -0.14369791E+03
  0.33100000E+01  0.82229161E+02 -0.14000560E+03
  0.33150000E+01  0.76636084E+02 -0.13752753E+03
  0.33200000E+01  0.74324342E+02 -0.13707439E+03
  0.33250000E+01  0.72632456E+02 -0.13723442E+03
  0.33300000E+01  0.71710304E+02 -0.13777593E+03
  0.33350000E+01  0.71195121E+02 -0.13846383E+03
  0.33400000E+01  0.70415060E+02 -0.13935241E+03
  0.33450000E+01  0.71552918E+02 -0.14013866E+03
  0.33500000E+01  0.72452889E+02 -0.14114421E+03
  0.33550000E+01  0.75877064E+02 -0.14255443E+03
  0.33600000E+01  0.76165302E+02 -0.14247557E+03
  0.33650000E+01  0.76025927E+02 -0.14231171E+03
  0.33700000E+01  0.75925119E+02 -0.14230683E+03
  0.33750000E+01  0.75820362E+02 -0.14242145E+03
  0.33800000E+01  0.75858638E+02 -0.14259568E+03
  0.33850000E+01  0.76009241E+02 -0.14280788E+03
  0.33900000E+01  0.76062124E+02 -0.14301289E+03
  0.33950000E+01  0.76072358E+02 -0.14325202E+03
  0.34000000E+01  0.76098665E+02 -0.14351934E+03
  0.34050000E+01  0.76029448E+02 -0.14382235E+03
  0.34100000E+01  0.76118549E+02 -0.14416977E+03
  0.34150000E+01  0.76453093E+02 -0.14452803E+03
  0.34200000E+01  0.76904085E+02 -0.14487640E+03
  0.34250000E+01  0.77252736E+02 -0.14520765E+03
  0.34300000E+01  0.77622425E+02 -0.14553504E+03
  0.34350000E+01  0.78049875E+02 -0.14583399E+03
  0.34400000E+01  0.78810713E+02 -0.14606664E+03
  0.34450000E+01  0.79657203E+02 -0.14618051E+03
  0.34500000E+01  0.79693417E+02 -0.14631861E+03
  0.34550000E+01  0.79701900E+02 -0.14654523E+03
  0.34600000E+01  0.79778249E+02 -0.14682071E+03
  0.34650000E+01  0.79859471E+02 -0.14711118E+03
  0.34700000E+01  0.79886739E+02 -0.14743255E+03
  0.34750000E+01  0.79916516E+02 -0.14778463E+03
  0.34800000E+01  0.79921660E+02 -0.14816098E+03
  0.34850000E+01  0.80114943E+02 -0.14853915E+03
  0.34900000E+01  0.80548750E+02 -0.14879076E+03
  0.34950000E+01  0.80642417E+02 -0.14913934E+03
  0.35000000E+01  0.80759266E+02 -0.14951472E+03
  0.35050000E+01  0.80927682E+02 -0.14990824E+03
  0.35100000E+01  0.81152874E+02 -0.15031176E+03
  0.35150000E+01  0.81267014E+02 -0.15073207E+03
  0.35200000E+01  0.81401860E+02 -0.15118186E+03
  0.35250000E+01  0.81587348E+02 -0.15164267E+03
  0.35300000E+01  0.81783633E+02 -0.15211704E+03
  0.35350000E+01  0.82007600E+02 -0.15260459E+03
  0.35400000E+01  0.82257067E+02 -0.15310492E+03
  0.35450000E+01  0.82538244E+02 -0.15361739E+03
  0.35500000E+01  0.82861986E+02 -0.15414087E+03
  0.35550000E+01  0.83241239E+02 -0.15467349E+03
  0.35600000E+01  0.83699324E+02 -0.15521190E+03
  0.35650000E+01  0.84281173E+02 -0.15574965E+03
  0.35700000E+01  0.85091560E+02 -0.15627164E+03
  0.35750000E+01  0.86486302E+02 -0.15672296E+03
  0.35800000E+01  0.91006699E+02 -0.15607967E+03
  0.35850000E+01  0.86383763E+02 -0.15424723E+03
  0.35900000E+01  0.82990084E+02 -0.15436502E+03
  0.35950000E+01  0.81478361E+02 -0.15387639E+03
  0.36000000E+01  0.74997947E+02 -0.15531009E+03
  0.36050000E+01  0.76311110E+02 -0.15986380E+03
  0.36100000E+01  0.81521224E+02 -0.16275518E+03
  0.36150000E+01  0.83117630E+02 -0.16397399E+03
  0.36200000E+01  0.84887261E+02 -0.16488100E+03
  0.36250000E+01  0.86028326E+02 -0.16566892E+03
  0.36300000E+01  0.86994539E+02 -0.16651461E+03
  0.36350000E+01  0.87950044E+02 -0.16742767E+03
  0.36400000E+01  0.89175728E+02 -0.16839688E+03
  0.36450000E+01  0.90750326E+02 -0.16931536E+03
  0.36500000E+01  0.93536336E+02 -0.16971779E+03
  0.36550000E+01  0.95485903E+02 -0.16942534E+03
  0.36600000E+01  0.97674944E+02 -0.16885434E+03
  0.36650000E+01  0.10023961E+03 -0.16771897E+03
  0.36700000E+01  0.98905819E+02 -0.16741359E+03
  0.36750000E+01  0.10046013E+03 -0.16766176E+03
  0.36800000E+01  0.10205762E+03 -0.16758864E+03
  0.36850000E+01  0.10352687E+03 -0.16736530E+03
  0.36900000E+01  0.10475454E+03 -0.16710723E+03
  0.36950000E+01  0.10581810E+03 -0.16686873E+03
  0.37000000E+01  0.10700291E+03 -0.16661016E+03
  0.37050000E+01  0.10807409E+03 -0.16626290E+03
  0.37100000E+01  0.10888415E+03 -0.16597283E+03
  0.37150000E+01  0.10956433E+03 -0.16572469E+03
  0.37200000E+01  0.11014941E+03 -0.16552416E+03
  0.37250000E+01  0.11072300E+03 -0.16537292E+03
  0.37300000E+01  0.11094132E+03 -0.16530007E+03
  0.37350000E+01  0.11096343E+03 -0.16539103E+03
  0.37400000E+01  0.11138623E+03 -0.16530697E+03
  0.37450000E+01  0.11517046E+03 -0.16498317E+03
  0.37500000E+01  0.11325728E+03 -0.16509335E+03
  0.37550000E+01  0.11367095E+03 -0.16550967E+03
  0.37600000E+01  0.11431229E+03 -0.16550812E+03
  0.37650000E+01  0.11441177E+03 -0.16557060E+03
  0.37700000E+01  0.11478388E+03 -0.16571157E+03
  0.37750000E+01  0.11546986E+03 -0.16577644E+03
  0.37800000E+01  0.11646704E+03 -0.16592599E+03
  0.37850000E+01  0.11849122E+03 -0.16542964E+03
  0.37900000E+01  0.11827729E+03 -0.16524816E+03
  0.37950000E+01  0.11937788E+03 -0.16524188E+03
  0.38000000E+01  0.11958938E+03 -0.16518033E+03
  0.38050000E+01  0.12046482E+03 -0.16507800E+03
  0.38100000E+01  0.12154686E+03 -0.16494691E+03
  0.38150000E+01  0.12268013E+03 -0.16478402E+03
  0.38200000E+01  0.12427511E+03 -0.16446004E+03
  0.38250000E+01  0.12524750E+03 -0.16409213E+03
  0.38300000E+01  0.12507294E+03 -0.16399212E+03
  0.38350000E+01  0.12747788E+03 -0.16407398E+03
  0.38400000E+01  0.12440351E+03 -0.16250372E+03
  0.38450000E+01  0.12628472E+03 -0.16307519E+03
  0.38500000E+01  0.13151999E+03 -0.16233238E+03
  0.38550000E+01  0.13434812E+03 -0.16062836E+03
  0.38600000E+01  0.13704897E+03 -0.15894853E+03
  0.38650000E+01  0.14253514E+03 -0.15598005E+03
  0.38700000E+01  0.14334519E+03 -0.15194901E+03
  0.38750000E+01  0.14013178E+03 -0.14902145E+03
  0.38800000E+01  0.13752868E+03 -0.14718328E+03
  0.38850000E+01  0.13333685E+03 -0.14600326E+03
  0.38900000E+01  0.13071866E+03 -0.14572328E+03
  0.38950000E+01  0.12862017E+03 -0.14564995E+03
  0.39000000E+01  0.12604596E+03 -0.14590922E+03
  0.39050000E+01  0.12380774E+03 -0.14653271E+03
  0.39100000E+01  0.12491651E+03 -0.14690220E+03
  0.39150000E+01  0.12447434E+03 -0.14696087E+03
  0.39200000E+01  0.12380972E+03 -0.14688056E+03
  0.39250000E+01  0.12358121E+03 -0.14683193E+03
  0.39300000E+01  0.12328321E+03 -0.14660952E+03
  0.39350000E+01  0.12257586E+03 -0.14604952E+03
  0.39400000E+01  0.12093876E+03 -0.14532524E+03
  0.39450000E+01  0.11953507E+03 -0.14507572E+03
  0.39500000E+01  0.11873644E+03 -0.14385808E+03
  0.39550000E+01  0.11691131E+03 -0.14377782E+03
  0.39600000E+01  0.11572055E+03 -0.14398556E+03
  0.39650000E+01  0.11435177E+03 -0.14435059E+03
  0.39700000E+01  0.11305865E+03 -0.14487010E+03
  0.39750000E+01  0.11197709E+03 -0.14549929E+03
  0.39800000E+01  0.11110002E+03 -0.14620589E+03
  0.39850000E+01  0.11003761E+03 -0.14696593E+03
  0.39900000E+01  0.11040989E+03 -0.14738232E+03
  0.39950000E+01  0.10999966E+03 -0.14784977E+03
  0.40000000E+01  0.10969468E+03 -0.14834301E+03
  0.40050000E+01  0.10929339E+03 -0.14881917E+03
  0.40100000E+01  0.10876369E+03 -0.14938334E+03
  0.40150000E+01  0.10809558E+03 -0.15001300E+03
  0.40200000E+01  0.10758095E+03 -0.15070152E+03
  0.40250000E+01  0.10696532E+03 -0.15146272E+03
  0.40300000E+01  0.10640550E+03 -0.15229294E+03
  0.40350000E+01  0.10647835E+03 -0.15301836E+03
  0.40400000E+01  0.10656840E+03 -0.15356192E+03
  0.40450000E+01  0.10663116E+03 -0.15394777E+03
  0.40500000E+01  0.10695168E+03 -0.15392436E+03
  0.40550000E+01  0.10394331E+03 -0.15380841E+03
  0.40600000E+01  0.10044604E+03 -0.15479805E+03
  0.40650000E+01  0.10129127E+03 -0.15644317E+03
  0.40700000E+01  0.10149629E+03 -0.15786810E+03
  0.40750000E+01  0.10236162E+03 -0.15893179E+03
  0.40800000E+01  0.10223489E+03 -0.15989161E+03
  0.40850000E+01  0.10205321E+03 -0.16114600E+03
  0.40900000E+01  0.10243440E+03 -0.16225882E+03
  0.40950000E+01  0.10288989E+03 -0.16326116E+03
  0.41000000E+01  0.10343110E+03 -0.16414667E+03
  0.41050000E+01  0.10397215E+03 -0.16488070E+03
  0.41100000E+01  0.10440295E+03 -0.16543041E+03
  0.41150000E+01  0.10453570E+03 -0.16585354E+03
  0.41200000E+01  0.10434394E+03 -0.16632229E+03
  0.41250000E+01  0.10411344E+03 -0.16695275E+03
  0.41300000E+01  0.10396895E+03 -0.16771663E+03
  0.41350000E+01  0.10391703E+03 -0.16859345E+03
  0.41400000E+01  0.10402242E+03 -0.16953698E+03
  0.41450000E+01  0.10428620E+03 -0.17048029E+03
  0.41500000E+01  0.10446259E+03 -0.17138304E+03
  0.41550000E+01  0.10410827E+03 -0.17243045E+03
  0.41600000E+01  0.10398898E+03 -0.17385395E+03
  0.41650000E+01  0.10664267E+03 -0.17483071E+03
  0.41700000E+01  0.10830538E+03 -0.17501875E+03
  0.41750000E+01  0.10827011E+03 -0.17538488E+03
  0.41800000E+01  0.10822264E+03 -0.17592206E+03
  0.41850000E+01  0.10788321E+03 -0.17647829E+03
  0.41900000E+01  0.10489432E+03 -0.17775095E+03
  0.41950000E+01  0.10637164E+03 -0.18068173E+03
  0.42000000E+01  0.11229527E+03 -0.18202349E+03
  0.42050000E+01  0.12164974E+03 -0.17957694E+03
  0.42100000E+01  0.12379486E+03 -0.17717962E+03
  0.42150000E+01  0.12060968E+03 -0.17348262E+03
  0.42200000E+01  0.11080464E+03 -0.17341915E+03
  0.42250000E+01  0.10655829E+03 -0.17604308E+03
  0.42300000E+01  0.10657689E+03 -0.17879180E+03
  0.42350000E+01  0.10749897E+03 -0.18094012E+03
  0.42400000E+01  0.10915161E+03 -0.18256507E+03
  0.42450000E+01  0.11096750E+03 -0.18379075E+03
  0.42500000E+01  0.11348540E+03 -0.18460075E+03
  0.42550000E+01  0.11483999E+03 -0.18521178E+03
  0.42600000E+01  0.11542910E+03 -0.18555671E+03
  0.42650000E+01  0.11501638E+03 -0.18610033E+03
  0.42700000E+01  0.11548091E+03 -0.18688829E+03
  0.42750000E+01  0.11584194E+03 -0.18748035E+03
  0.42800000E+01  0.11686159E+03 -0.18785779E+03
  0.42850000E+01  0.11716206E+03 -0.18829201E+03
  0.42900000E+01  0.11730066E+03 -0.18913655E+03
  0.42950000E+01  0.11875311E+03 -0.18965457E+03
  0.43000000E+01  0.11960880E+03 -0.19013082E+03
  0.43050000E+01  0.11975713E+03 -0.19067816E+03
  0.43100000E+01  0.11996305E+03 -0.19127526E+03
  0.43150000E+01  0.12030414E+03 -0.19184443E+03
  0.43200000E+01  0.12070059E+03 -0.19236021E+03
  0.43250000E+01  0.12085075E+03 -0.19272532E+03
  0.43300000E+01  0.12034930E+03 -0.19322530E+03
  0.43350000E+01  0.12072136E+03 -0.19387953E+03
  0.43400000E+01  0.11961289E+03 -0.19439217E+03
  0.43450000E+01  0.11940257E+03 -0.19523103E+03
  0.43500000E+01  0.11940785E+03 -0.19616869E+03
  0.43550000E+01  0.12012196E+03 -0.19703478E+03
  0.43600000E+01  0.11985038E+03 -0.19780507E+03
  0.43650000E+01  0.11961248E+03 -0.19872199E+03
  0.43700000E+01  0.11946446E+03 -0.19973423E+03
  0.43750000E+01  0.11936632E+03 -0.20081988E+03
  0.43800000E+01  0.11926810E+03 -0.20197447E+03
  0.43850000E+01  0.11944439E+03 -0.20322201E+03
  0.43900000E+01  0.11980355E+03 -0.20446817E+03
  0.43950000E+01  0.12024098E+03 -0.20570368E+03
  0.44000000E+01  0.12086338E+03 -0.20688712E+03
  0.44050000E+01  0.12191279E+03 -0.20778229E+03
  0.44100000E+01  0.12205193E+03 -0.20894240E+03
  0.44150000E+01  0.12268740E+03 -0.21008513E+03
  0.44200000E+01  0.12341969E+03 -0.21115318E+03
  0.44250000E+01  0.12424735E+03 -0.21208047E+03
  0.44300000E+01  0.12507026E+03 -0.21281446E+03
  0.44350000E+01  0.12578282E+03 -0.21317341E+03
  0.44400000E+01  0.12491557E+03 -0.21368416E+03
  0.44450000E+01  0.12395160E+03 -0.21480564E+03
  0.44500000E+01  0.12307214E+03 -0.21620579E+03
  0.44550000E+01  0.12225299E+03 -0.21800082E+03
  0.44600000E+01  0.12279921E+03 -0.21998357E+03
  0.44650000E+01  0.12453876E+03 -0.22150481E+03
  0.44700000E+01  0.12571275E+03 -0.22295628E+03
  0.44750000E+01  0.12700501E+03 -0.22437175E+03
  0.44800000E+01  0.12895313E+03 -0.22548913E+03
  0.44850000E+01  0.12975156E+03 -0.22645284E+03
  0.44900000E+01  0.13045298E+03 -0.22758003E+03
  0.44950000E+01  0.13120971E+03 -0.22873460E+03
  0.45000000E+01  0.13196219E+03 -0.22985914E+03
  0.45050000E+01  0.13216891E+03 -0.23106279E+03
  0.45100000E+01  0.13322766E+03 -0.23225054E+03
  0.45150000E+01  0.13378862E+03 -0.23356811E+03
  0.45200000E+01  0.13425282E+03 -0.23500791E+03
  0.45250000E+01  0.13486887E+03 -0.23652855E+03
  0.45300000E+01  0.13568117E+03 -0.23807505E+03
  0.45350000E+01  0.13650010E+03 -0.23965148E+03
  0.45400000E+01  0.13764970E+03 -0.24124780E+03
  0.45450000E+01  0.13844522E+03 -0.24287219E+03
  0.45500000E+01  0.13930833E+03 -0.24456114E+03
  0.45550000E+01  0.14076171E+03 -0.24613969E+03
  0.45600000E+01  0.14167169E+03 -0.24783182E+03
  0.45650000E+01  0.14258071E+03 -0.24960364E+03
  0.45700000E+01  0.14355302E+03 -0.25142946E+03
  0.45750000E+01  0.14446426E+03 -0.25327467E+03
  0.45800000E+01  0.14569164E+03 -0.25525259E+03
  0.45850000E+01  0.14419466E+03 -0.25837437E+03
  0.45900000E+01  0.14565572E+03 -0.26178030E+03
  0.45950000E+01  0.15006756E+03 -0.26353173E+03
  0.46000000E+01  0.15562890E+03 -0.26392917E+03
  0.46050000E+01  0.15719939E+03 -0.26461163E+03
  0.46100000E+01  0.15806706E+03 -0.26588407E+03
  0.46150000E+01  0.15997570E+03 -0.26780542E+03
  0.46200000E+01  0.16258389E+03 -0.26992309E+03
  0.46250000E+01  0.16588097E+03 -0.27220345E+03
  0.46300000E+01  0.17296764E+03 -0.27342196E+03
  0.46350000E+01  0.17907486E+03 -0.27408861E+03
  0.46400000E+01  0.18552889E+03 -0.27431830E+03
  0.46450000E+01  0.19279762E+03 -0.27371075E+03
  0.46500000E+01  0.19713741E+03 -0.27275985E+03
  0.46550000E+01  0.20138745E+03 -0.27164326E+03
  0.46600000E+01  0.20400492E+03 -0.27060041E+03
  0.46650000E+01  0.20632802E+03 -0.27005000E+03
  0.46700000E+01  0.21100433E+03 -0.26959034E+03
  0.46750000E+01  0.21676866E+03 -0.26854778E+03
  0.46800000E+01  0.22332926E+03 -0.26646088E+03
  0.46850000E+01  0.23129779E+03 -0.25986035E+03
  0.46900000E+01  0.23215116E+03 -0.25161495E+03
  0.46950000E+01  0.22019589E+03 -0.24050721E+03
  0.47000000E+01  0.21712890E+03 -0.24160193E+03
  0.47050000E+01  0.21663081E+03 -0.23992412E+03
  0.47100000E+01  0.20999729E+03 -0.23891035E+03
  0.47150000E+01  0.20311800E+03 -0.23968418E+03
  0.47200000E+01  0.20082095E+03 -0.24086926E+03
  0.47250000E+01  0.19878313E+03 -0.24227785E+03
  0.47300000E+01  0.19941873E+03 -0.24401626E+03
  0.47350000E+01  0.19619712E+03 -0.24529707E+03
  0.47400000E+01  0.19398724E+03 -0.24658902E+03
  0.47450000E+01  0.19273814E+03 -0.24788415E+03
  0.47500000E+01  0.19114769E+03 -0.24907987E+03
  0.47550000E+01  0.19204620E+03 -0.25187963E+03
  0.47600000E+01  0.19262890E+03 -0.25358583E+03
  0.47650000E+01  0.19137965E+03 -0.25504763E+03
  0.47700000E+01  0.19080134E+03 -0.25703179E+03
  0.47750000E+01  0.19138897E+03 -0.26025777E+03
  0.47800000E+01  0.19351224E+03 -0.26258825E+03
  0.47850000E+01  0.19471010E+03 -0.26405280E+03
  0.47900000E+01  0.19524800E+03 -0.26586535E+03
  0.47950000E+01  0.19650952E+03 -0.26813757E+03
  0.48000000E+01  0.19766839E+03 -0.27059959E+03
  0.48050000E+01  0.19927714E+03 -0.27271352E+03
  0.48100000E+01  0.20014319E+03 -0.27557338E+03
  0.48150000E+01  0.20040607E+03 -0.27895017E+03
  0.48200000E+01  0.20240076E+03 -0.28282845E+03
  0.48250000E+01  0.20480370E+03 -0.28636814E+03
  0.48300000E+01  0.20759231E+03 -0.28990769E+03
  0.48350000E+01  0.21156412E+03 -0.29358831E+03
  0.48400000E+01  0.21793317E+03 -0.29612111E+03
  0.48450000E+01  0.22369240E+03 -0.29769050E+03
  0.48500000E+01  0.22834305E+03 -0.30015223E+03
  0.48550000E+01  0.23446666E+03 -0.30275903E+03
  0.48600000E+01  0.24409521E+03 -0.30414747E+03
  0.48650000E+01  0.25890683E+03 -0.30160251E+03
  0.48700000E+01  0.26765029E+03 -0.29468107E+03
  0.48750000E+01  0.26754566E+03 -0.29055091E+03
  0.48800000E+01  0.26630342E+03 -0.28879225E+03
  0.48850000E+01  0.27013586E+03 -0.28796586E+03
  0.48900000E+01  0.27448222E+03 -0.28549050E+03
  0.48950000E+01  0.27548163E+03 -0.28351784E+03
  0.49000000E+01  0.27675586E+03 -0.28199317E+03
  0.49050000E+01  0.27970741E+03 -0.27983539E+03
  0.49100000E+01  0.27857460E+03 -0.27662335E+03
  0.49150000E+01  0.27510598E+03 -0.27440546E+03
  0.49200000E+01  0.27198361E+03 -0.27473825E+03
  0.49250000E+01  0.27200371E+03 -0.27534026E+03
  0.49300000E+01  0.26940882E+03 -0.27537395E+03
  0.49350000E+01  0.26753287E+03 -0.27690122E+03
  0.49400000E+01  0.26426976E+03 -0.27869748E+03
  0.49450000E+01  0.26109597E+03 -0.28358384E+03
  0.49500000E+01  0.26000195E+03 -0.29048802E+03
  0.49550000E+01  0.26065861E+03 -0.29801407E+03
  0.49600000E+01  0.26617236E+03 -0.30466199E+03
  0.49650000E+01  0.27641398E+03 -0.30944936E+03
  0.49700000E+01  0.29053539E+03 -0.31075007E+03
  0.49750000E+01  0.31523835E+03 -0.30489386E+03
  0.49800000E+01  0.32711837E+03 -0.29576946E+03
  0.49850000E+01  0.33447806E+03 -0.28780241E+03
  0.49900000E+01  0.33366046E+03 -0.28206222E+03
  0.49950000E+01  0.33080323E+03 -0.27845962E+03
  0.50000000E+01  0.33020429E+03 -0.27672032E+03
