  0.00000000E+00  0.35198617E-43 -0.18943791E-15
  0.50000000E-02  0.35198691E-43 -0.14963802E+01
  0.10000000E-01  0.35198915E-43 -0.29927858E+01
  0.15000000E-01  0.35199289E-43 -0.44892421E+01
  0.20000000E-01  0.35199811E-43 -0.59857745E+01
  0.25000000E-01  0.35200483E-43 -0.74824083E+01
  0.30000000E-01  0.35201304E-43 -0.89791690E+01
  0.35000000E-01  0.35202274E-43 -0.10476082E+02
  0.40000000E-01  0.35203394E-43 -0.11973172E+02
  0.45000000E-01  0.35204662E-43 -0.13470466E+02
  0.50000000E-01  0.35206081E-43 -0.14967988E+02
  0.55000000E-01  0.35207648E-43 -0.16465765E+02
  0.60000000E-01  0.35209365E-43 -0.17963821E+02
  0.65000000E-01  0.35211231E-43 -0.19462182E+02
  0.70000000E-01  0.35213246E-43 -0.20960875E+02
  0.75000000E-01  0.35215411E-43 -0.22459924E+02
  0.80000000E-01  0.35217725E-43 -0.23959355E+02
  0.85000000E-01  0.35220188E-43 -0.25459195E+02
  0.90000000E-01  0.35222801E-43 -0.26959468E+02
  0.95000000E-01  0.35225563E-43 -0.28460202E+02
  0.10000000E+00  0.35228474E-43 -0.29961422E+02
  0.10500000E+00  0.35231534E-43 -0.31463153E+02
  0.11000000E+00  0.35234744E-43 -0.32965423E+02
  0.11500000E+00  0.35238104E-43 -0.34468258E+02
  0.12000000E+00  0.35241613E-43 -0.35971683E+02
  0.12500000E+00  0.35245271E-43 -0.37475725E+02
  0.13000000E+00  0.35249078E-43 -0.38980411E+02
  0.13500000E+00  0.35253035E-43 -0.40485768E+02
  0.14000000E+00  0.35257141E-43 -0.41991821E+02
  0.14500000E+00  0.35261397E-43 -0.43498599E+02
  0.15000000E+00  0.35265802E-43 -0.45006127E+02
  0.15500000E+00  0.35270357E-43 -0.46514433E+02
  0.16000000E+00  0.35275061E-43 -0.48023544E+02
  0.16500000E+00  0.35279914E-43 -0.49533487E+02
  0.17000000E+00  0.35284917E-43 -0.51044290E+02
  0.17500000E+00  0.35290069E-43 -0.52555981E+02
  0.18000000E+00  0.35295371E-43 -0.54068586E+02
  0.18500000E+00  0.35300823E-43 -0.55582134E+02
  0.19000000E+00  0.35306424E-43 -0.57096653E+02
  0.19500000E+00  0.35312174E-43 -0.58612171E+02
  0.20000000E+00  0.35318074E-43 -0.60128717E+02
  0.20500000E+00  0.35324124E-43 -0.61646318E+02
  0.21000000E+00  0.35330323E-43 -0.63165004E+02
  0.21500000E+00  0.35336672E-43 -0.64684803E+02
  0.22000000E+00  0.35343170E-43 -0.66205745E+02
  0.22500000E+00  0.35349818E-43 -0.67727858E+02
  0.23000000E+00  0.35356616E-43 -0.69251172E+02
  0.23500000E+00  0.35363563E-43 -0.70775716E+02
  0.24000000E+00  0.35370660E-43 -0.72301522E+02
  0.24500000E+00  0.35377907E-43 -0.73828617E+02
  0.25000000E+00  0.35385303E-43 -0.75357034E+02
  0.25500000E+00  0.35392849E-43 -0.76886801E+02
  0.26000000E+00  0.35400545E-43 -0.78417951E+02
  0.26500000E+00  0.35408391E-43 -0.79950513E+02
  0.27000000E+00  0.35416386E-43 -0.81484519E+02
  0.27500000E+00  0.35424532E-43 -0.83020001E+02
  0.28000000E+00  0.35432827E-43 -0.84556990E+02
  0.28500000E+00  0.35441272E-43 -0.86095519E+02
  0.29000000E+00  0.35449866E-43 -0.87635619E+02
  0.29500000E+00  0.35458611E-43 -0.89177323E+02
  0.30000000E+00  0.35467506E-43 -0.90720664E+02
  0.30500000E+00  0.35476550E-43 -0.92265675E+02
  0.31000000E+00  0.35485744E-43 -0.93812390E+02
  0.31500000E+00  0.35495089E-43 -0.95360842E+02
  0.32000000E+00  0.35504583E-43 -0.96911065E+02
  0.32500000E+00  0.35514228E-43 -0.98463095E+02
  0.33000000E+00  0.35524022E-43 -0.10001696E+03
  0.33500000E+00  0.35533967E-43 -0.10157271E+03
  0.34000000E+00  0.35544061E-43 -0.10313037E+03
  0.34500000E+00  0.35554306E-43 -0.10468997E+03
  0.35000000E+00  0.35564701E-43 -0.10625156E+03
  0.35500000E+00  0.35575246E-43 -0.10781517E+03
  0.36000000E+00  0.35585941E-43 -0.10938083E+03
  0.36500000E+00  0.35596787E-43 -0.11094859E+03
  0.37000000E+00  0.35607783E-43 -0.11251849E+03
  0.37500000E+00  0.35618929E-43 -0.11409055E+03
  0.38000000E+00  0.35630225E-43 -0.11566483E+03
  0.38500000E+00  0.35641672E-43 -0.11724135E+03
  0.39000000E+00  0.35653269E-43 -0.11882016E+03
  0.39500000E+00  0.35665016E-43 -0.12040130E+03
  0.40000000E+00  0.35676914E-43 -0.12198482E+03
  0.40500000E+00  0.35688962E-43 -0.12357074E+03
  0.41000000E+00  0.35701161E-43 -0.12515912E+03
  0.41500000E+00  0.35713510E-43 -0.12674999E+03
  0.42000000E+00  0.35726010E-43 -0.12834340E+03
  0.42500000E+00  0.35738660E-43 -0.12993939E+03
  0.43000000E+00  0.35751461E-43 -0.13153802E+03
  0.43500000E+00  0.35764412E-43 -0.13313931E+03
  0.44000000E+00  0.35777514E-43 -0.13474332E+03
  0.44500000E+00  0.35790767E-43 -0.13635009E+03
  0.45000000E+00  0.35804171E-43 -0.13795967E+03
  0.45500000E+00  0.35817725E-43 -0.13957211E+03
  0.46000000E+00  0.35831430E-43 -0.14118746E+03
  0.46500000E+00  0.35845286E-43 -0.14280575E+03
  0.47000000E+00  0.35859293E-43 -0.14442706E+03
  0.47500000E+00  0.35873451E-43 -0.14605142E+03
  0.48000000E+00  0.35887759E-43 -0.14767888E+03
  0.48500000E+00  0.35902219E-43 -0.14930951E+03
  0.49000000E+00  0.35916829E-43 -0.15094334E+03
  0.49500000E+00  0.35931591E-43 -0.15258044E+03
  0.50000000E+00  0.35946504E-43 -0.15422086E+03
  0.50500000E+00  0.35961567E-43 -0.15586466E+03
  0.51000000E+00  0.35976782E-43 -0.15751189E+03
  0.51500000E+00  0.35992148E-43 -0.15916261E+03
  0.52000000E+00  0.36007665E-43 -0.16081689E+03
  0.52500000E+00  0.36023334E-43 -0.16247477E+03
  0.53000000E+00  0.36039154E-43 -0.16413632E+03
  0.53500000E+00  0.36055125E-43 -0.16580161E+03
  0.54000000E+00  0.36071247E-43 -0.16747069E+03
  0.54500000E+00  0.36087523E-43 -0.16914363E+03
  0.55000000E+00  0.36103964E-43 -0.17082050E+03
  0.55500000E+00  0.36120680E-43 -0.17250137E+03
  0.56000000E+00  0.36138621E-43 -0.17418630E+03
  0.56500000E+00  0.36165873E-43 -0.17587536E+03
  0.57000000E+00  0.36269772E-43 -0.17756863E+03
  0.57500000E+00  0.36999783E-43 -0.17926618E+03
  0.58000000E+00  0.42747810E-43 -0.18096808E+03
  0.58500000E+00  0.87900220E-43 -0.18267441E+03
  0.59000000E+00  0.43616491E-42 -0.18438524E+03
  0.59500000E+00  0.30683749E-41 -0.18610067E+03
  0.60000000E+00  0.22557402E-40 -0.18782076E+03
  0.60500000E+00  0.16390581E-39 -0.18954561E+03
  0.61000000E+00  0.11680787E-38 -0.19127529E+03
  0.61500000E+00  0.81557217E-38 -0.19300990E+03
  0.62000000E+00  0.55781995E-37 -0.19474952E+03
  0.62500000E+00  0.37372268E-36 -0.19649426E+03
  0.63000000E+00  0.24525590E-35 -0.19824419E+03
  0.63500000E+00  0.15765116E-34 -0.19999942E+03
  0.64000000E+00  0.99260668E-34 -0.20176005E+03
  0.64500000E+00  0.61214690E-33 -0.20352618E+03
  0.65000000E+00  0.36976878E-32 -0.20529791E+03
  0.65500000E+00  0.21877631E-31 -0.20707536E+03
  0.66000000E+00  0.12678470E-30 -0.20885862E+03
  0.66500000E+00  0.71966862E-30 -0.21064782E+03
  0.67000000E+00  0.40013067E-29 -0.21244308E+03
  0.67500000E+00  0.21791170E-28 -0.21424450E+03
  0.68000000E+00  0.11624546E-27 -0.21605222E+03
  0.68500000E+00  0.60743056E-27 -0.21786637E+03
  0.69000000E+00  0.31092225E-26 -0.21968707E+03
  0.69500000E+00  0.15590187E-25 -0.22151445E+03
  0.70000000E+00  0.76578186E-25 -0.22334867E+03
  0.70500000E+00  0.36848718E-24 -0.22518987E+03
  0.71000000E+00  0.17370465E-23 -0.22703818E+03
  0.71500000E+00  0.80219252E-23 -0.22889377E+03
  0.72000000E+00  0.36293400E-22 -0.23075680E+03
  0.72500000E+00  0.16086402E-21 -0.23262743E+03
  0.73000000E+00  0.69850346E-21 -0.23450583E+03
  0.73500000E+00  0.29713080E-20 -0.23639217E+03
  0.74000000E+00  0.12381736E-19 -0.23828665E+03
  0.74500000E+00  0.50541594E-19 -0.24018944E+03
  0.75000000E+00  0.20207917E-18 -0.24210076E+03
  0.75500000E+00  0.79134064E-18 -0.24402079E+03
  0.76000000E+00  0.30348060E-17 -0.24594975E+03
  0.76500000E+00  0.11396519E-16 -0.24788787E+03
  0.77000000E+00  0.41901323E-16 -0.24983538E+03
  0.77500000E+00  0.15081009E-15 -0.25179251E+03
  0.78000000E+00  0.53125883E-15 -0.25375951E+03
  0.78500000E+00  0.18313651E-14 -0.25573665E+03
  0.79000000E+00  0.61766295E-14 -0.25772419E+03
  0.79500000E+00  0.20377322E-13 -0.25972243E+03
  0.80000000E+00  0.65746181E-13 -0.26173165E+03
  0.80500000E+00  0.20741031E-12 -0.26375218E+03
  0.81000000E+00  0.63964161E-12 -0.26578433E+03
  0.81500000E+00  0.19279850E-11 -0.26782846E+03
  0.82000000E+00  0.56787343E-11 -0.26988492E+03
  0.82500000E+00  0.16342172E-10 -0.27195409E+03
  0.83000000E+00  0.45943024E-10 -0.27403637E+03
  0.83500000E+00  0.12616441E-09 -0.27613218E+03
  0.84000000E+00  0.33840376E-09 -0.27824197E+03
  0.84500000E+00  0.88656045E-09 -0.28036620E+03
  0.85000000E+00  0.22686778E-08 -0.28250538E+03
  0.85500000E+00  0.56711278E-08 -0.28466002E+03
  0.86000000E+00  0.13850469E-07 -0.28683070E+03
  0.86500000E+00  0.33055975E-07 -0.28901800E+03
  0.87000000E+00  0.77115761E-07 -0.29122256E+03
  0.87500000E+00  0.17590815E-06 -0.29344505E+03
  0.88000000E+00  0.39250470E-06 -0.29568620E+03
  0.88500000E+00  0.85706255E-06 -0.29794678E+03
  0.89000000E+00  0.18323662E-05 -0.30022762E+03
  0.89500000E+00  0.38380129E-05 -0.30252961E+03
  0.90000000E+00  0.78814810E-05 -0.30485372E+03
  0.90500000E+00  0.15881523E-04 -0.30720097E+03
  0.91000000E+00  0.31434330E-04 -0.30957251E+03
  0.91500000E+00  0.61185341E-04 -0.31196953E+03
  0.92000000E+00  0.11725701E-03 -0.31439338E+03
  0.92500000E+00  0.22146769E-03 -0.31684550E+03
  0.93000000E+00  0.41241506E-03 -0.31932746E+03
  0.93500000E+00  0.75659156E-03 -0.32184102E+03
  0.94000000E+00  0.13635215E-02 -0.32438808E+03
  0.94500000E+00  0.23997230E-02 -0.32697076E+03
  0.95000000E+00  0.40811728E-02 -0.32959140E+03
  0.95500000E+00  0.65890465E-02 -0.33225260E+03
  0.96000000E+00  0.97901447E-02 -0.33495727E+03
  0.96500000E+00  0.12567076E-01 -0.33770866E+03
  0.97000000E+00  0.11573163E-01 -0.34051041E+03
  0.97500000E+00 -0.38876261E-03 -0.34336662E+03
  0.98000000E+00 -0.34846541E-01 -0.34628188E+03
  0.98500000E+00 -0.10270162E+00 -0.34926131E+03
  0.99000000E+00 -0.19648341E+00 -0.35231061E+03
  0.99500000E+00 -0.25572497E+00 -0.35543587E+03
  0.10000000E+01 -0.13446746E+00 -0.35864333E+03
  0.10050000E+01  0.35260582E+00 -0.36193836E+03
  0.10100000E+01  0.11362388E+01 -0.36532308E+03
  0.10150000E+01  0.13308390E+01 -0.36878984E+03
  0.10200000E+01 -0.61954587E+00 -0.37230234E+03
  0.10250000E+01 -0.37401054E+01 -0.37573945E+03
  0.10300000E+01  0.45720298E+01 -0.37860854E+03
  0.10350000E+01  0.12445815E+02 -0.38017581E+03
  0.10400000E+01  0.16965802E+02 -0.38184042E+03
  0.10450000E+01  0.21407245E+02 -0.38346619E+03
  0.10500000E+01  0.24653801E+02 -0.38506712E+03
  0.10550000E+01  0.27904778E+02 -0.38664547E+03
  0.10600000E+01  0.30780532E+02 -0.38820387E+03
  0.10650000E+01  0.33294844E+02 -0.38974473E+03
  0.10700000E+01  0.35682391E+02 -0.39127040E+03
  0.10750000E+01  0.37942469E+02 -0.39278240E+03
  0.10800000E+01  0.40071255E+02 -0.39427791E+03
  0.10850000E+01  0.42084980E+02 -0.39576482E+03
  0.10900000E+01  0.44039810E+02 -0.39724488E+03
  0.10950000E+01  0.45932599E+02 -0.39872062E+03
  0.11000000E+01  0.47761616E+02 -0.40019453E+03
  0.11050000E+01  0.49533666E+02 -0.40166903E+03
  0.11100000E+01  0.51252150E+02 -0.40314645E+03
  0.11150000E+01  0.52912474E+02 -0.40462905E+03
  0.11200000E+01  0.54505650E+02 -0.40611895E+03
  0.11250000E+01  0.56025500E+02 -0.40761802E+03
  0.11300000E+01  0.57472208E+02 -0.40912775E+03
  0.11350000E+01  0.58851488E+02 -0.41064928E+03
  0.11400000E+01  0.60173197E+02 -0.41218331E+03
  0.11450000E+01  0.61450770E+02 -0.41373000E+03
  0.11500000E+01  0.62700148E+02 -0.41528889E+03
  0.11550000E+01  0.63937342E+02 -0.41685901E+03
  0.11600000E+01  0.65175284E+02 -0.41843890E+03
  0.11650000E+01  0.66421317E+02 -0.42002680E+03
  0.11700000E+01  0.67676177E+02 -0.42162074E+03
  0.11750000E+01  0.68934592E+02 -0.42321873E+03
  0.11800000E+01  0.70187133E+02 -0.42481896E+03
  0.11850000E+01  0.71422705E+02 -0.42641980E+03
  0.11900000E+01  0.72631112E+02 -0.42801989E+03
  0.11950000E+01  0.73805146E+02 -0.42961811E+03
  0.12000000E+01  0.74941816E+02 -0.43121356E+03
  0.12050000E+01  0.76042547E+02 -0.43280559E+03
  0.12100000E+01  0.77112412E+02 -0.43439379E+03
  0.12150000E+01  0.78158725E+02 -0.43597788E+03
  0.12200000E+01  0.79189388E+02 -0.43755760E+03
  0.12250000E+01  0.80211419E+02 -0.43913270E+03
  0.12300000E+01  0.81229935E+02 -0.44070301E+03
  0.12350000E+01  0.82247706E+02 -0.44226850E+03
  0.12400000E+01  0.83265244E+02 -0.44382930E+03
  0.12450000E+01  0.84281285E+02 -0.44538559E+03
  0.12500000E+01  0.85293478E+02 -0.44693755E+03
  0.12550000E+01  0.86299099E+02 -0.44848532E+03
  0.12600000E+01  0.87295660E+02 -0.45002909E+03
  0.12650000E+01  0.88281325E+02 -0.45156925E+03
  0.12700000E+01  0.89255121E+02 -0.45310639E+03
  0.12750000E+01  0.90216963E+02 -0.45464118E+03
  0.12800000E+01  0.91167536E+02 -0.45617418E+03
  0.12850000E+01  0.92108089E+02 -0.45770583E+03
  0.12900000E+01  0.93040193E+02 -0.45923647E+03
  0.12950000E+01  0.93965489E+02 -0.46076649E+03
  0.13000000E+01  0.94885455E+02 -0.46229651E+03
  0.13050000E+01  0.95801233E+02 -0.46382723E+03
  0.13100000E+01  0.96713522E+02 -0.46535926E+03
  0.13150000E+01  0.97622586E+02 -0.46689298E+03
  0.13200000E+01  0.98528339E+02 -0.46842849E+03
  0.13250000E+01  0.99430508E+02 -0.46996585E+03
  0.13300000E+01  0.10032879E+03 -0.47150525E+03
  0.13350000E+01  0.10122298E+03 -0.47304717E+03
  0.13400000E+01  0.10211301E+03 -0.47459217E+03
  0.13450000E+01  0.10299889E+03 -0.47614071E+03
  0.13500000E+01  0.10388073E+03 -0.47769291E+03
  0.13550000E+01  0.10475864E+03 -0.47924864E+03
  0.13600000E+01  0.10563282E+03 -0.48080769E+03
  0.13650000E+01  0.10650353E+03 -0.48237010E+03
  0.13700000E+01  0.10737116E+03 -0.48393624E+03
  0.13750000E+01  0.10823616E+03 -0.48550672E+03
  0.13800000E+01  0.10909895E+03 -0.48708198E+03
  0.13850000E+01  0.10995978E+03 -0.48866209E+03
  0.13900000E+01  0.11081874E+03 -0.49024675E+03
  0.13950000E+01  0.11167582E+03 -0.49183561E+03
  0.14000000E+01  0.11253099E+03 -0.49342855E+03
  0.14050000E+01  0.11338440E+03 -0.49502586E+03
  0.14100000E+01  0.11423634E+03 -0.49662816E+03
  0.14150000E+01  0.11508717E+03 -0.49823600E+03
  0.14200000E+01  0.11593713E+03 -0.49984959E+03
  0.14250000E+01  0.11678629E+03 -0.50146863E+03
  0.14300000E+01  0.11763450E+03 -0.50309259E+03
  0.14350000E+01  0.11848162E+03 -0.50472109E+03
  0.14400000E+01  0.11932770E+03 -0.50635428E+03
  0.14450000E+01  0.12017308E+03 -0.50799277E+03
  0.14500000E+01  0.12101832E+03 -0.50963732E+03
  0.14550000E+01  0.12186390E+03 -0.51128835E+03
  0.14600000E+01  0.12270997E+03 -0.51294570E+03
  0.14650000E+01  0.12355629E+03 -0.51460877E+03
  0.14700000E+01  0.12440237E+03 -0.51627694E+03
  0.14750000E+01  0.12524786E+03 -0.51795000E+03
  0.14800000E+01  0.12609295E+03 -0.51962836E+03
  0.14850000E+01  0.12693833E+03 -0.52131290E+03
  0.14900000E+01  0.12778499E+03 -0.52300443E+03
  0.14950000E+01  0.12863366E+03 -0.52470324E+03
  0.15000000E+01  0.12948436E+03 -0.52640886E+03
  0.15050000E+01  0.13033636E+03 -0.52812039E+03
  0.15100000E+01  0.13118860E+03 -0.52983710E+03
  0.15150000E+01  0.13204040E+03 -0.53155898E+03
  0.15200000E+01  0.13289200E+03 -0.53328680E+03
  0.15250000E+01  0.13374465E+03 -0.53502169E+03
  0.15300000E+01  0.13460000E+03 -0.53676451E+03
  0.15350000E+01  0.13545922E+03 -0.53851532E+03
  0.15400000E+01  0.13632229E+03 -0.54027338E+03
  0.15450000E+01  0.13718791E+03 -0.54203759E+03
  0.15500000E+01  0.13805424E+03 -0.54380715E+03
  0.15550000E+01  0.13891997E+03 -0.54558214E+03
  0.15600000E+01  0.13978531E+03 -0.54736358E+03
  0.15650000E+01  0.14065204E+03 -0.54915288E+03
  0.15700000E+01  0.14152274E+03 -0.55095106E+03
  0.15750000E+01  0.14239934E+03 -0.55275814E+03
  0.15800000E+01  0.14328202E+03 -0.55457310E+03
  0.15850000E+01  0.14416895E+03 -0.55639449E+03
  0.15900000E+01  0.14505728E+03 -0.55822135E+03
  0.15950000E+01  0.14594474E+03 -0.56005384E+03
  0.16000000E+01  0.14683110E+03 -0.56189325E+03
  0.16050000E+01  0.14771861E+03 -0.56374132E+03
  0.16100000E+01  0.14861090E+03 -0.56559926E+03
  0.16150000E+01  0.14951113E+03 -0.56746709E+03
  0.16200000E+01  0.15042015E+03 -0.56934362E+03
  0.16250000E+01  0.15133589E+03 -0.57122713E+03
  0.16300000E+01  0.15225437E+03 -0.57311641E+03
  0.16350000E+01  0.15317192E+03 -0.57501149E+03
  0.16400000E+01  0.15408731E+03 -0.57691380E+03
  0.16450000E+01  0.15500273E+03 -0.57882540E+03
  0.16500000E+01  0.15592283E+03 -0.58074793E+03
  0.16550000E+01  0.15685235E+03 -0.58268166E+03
  0.16600000E+01  0.15779351E+03 -0.58462528E+03
  0.16650000E+01  0.15874471E+03 -0.58657671E+03
  0.16700000E+01  0.15970123E+03 -0.58853434E+03
  0.16750000E+01  0.16065777E+03 -0.59049804E+03
  0.16800000E+01  0.16161141E+03 -0.59246931E+03
  0.16850000E+01  0.16256343E+03 -0.59445057E+03
  0.16900000E+01  0.16351885E+03 -0.59644384E+03
  0.16950000E+01  0.16448393E+03 -0.59844971E+03
  0.17000000E+01  0.16546285E+03 -0.60046702E+03
  0.17050000E+01  0.16645536E+03 -0.60249356E+03
  0.17100000E+01  0.16745686E+03 -0.60452732E+03
  0.17150000E+01  0.16846079E+03 -0.60656774E+03
  0.17200000E+01  0.16946219E+03 -0.60861621E+03
  0.17250000E+01  0.17046050E+03 -0.61067542E+03
  0.17300000E+01  0.17146007E+03 -0.61274793E+03
  0.17350000E+01  0.17246799E+03 -0.61483482E+03
  0.17400000E+01  0.17349042E+03 -0.61693518E+03
  0.17450000E+01  0.17452935E+03 -0.61904668E+03
  0.17500000E+01  0.17558154E+03 -0.62116705E+03
  0.17550000E+01  0.17664025E+03 -0.62329543E+03
  0.17600000E+01  0.17769895E+03 -0.62543304E+03
  0.17650000E+01  0.17875484E+03 -0.62758256E+03
  0.17700000E+01  0.17981052E+03 -0.62974684E+03
  0.17750000E+01  0.18087268E+03 -0.63192740E+03
  0.17800000E+01  0.18194865E+03 -0.63412378E+03
  0.17850000E+01  0.18304254E+03 -0.63633390E+03
  0.17900000E+01  0.18415311E+03 -0.63855537E+03
  0.17950000E+01  0.18527438E+03 -0.64078698E+03
  0.18000000E+01  0.18639884E+03 -0.64302956E+03
  0.18050000E+01  0.18752134E+03 -0.64528563E+03
  0.18100000E+01  0.18864189E+03 -0.64755813E+03
  0.18150000E+01  0.18976568E+03 -0.64984877E+03
  0.18200000E+01  0.19090051E+03 -0.65215732E+03
  0.18250000E+01  0.19205294E+03 -0.65448191E+03
  0.18300000E+01  0.19322516E+03 -0.65682029E+03
  0.18350000E+01  0.19441409E+03 -0.65917123E+03
  0.18400000E+01  0.19561324E+03 -0.66153523E+03
  0.18450000E+01  0.19681609E+03 -0.66391424E+03
  0.18500000E+01  0.19801943E+03 -0.66631060E+03
  0.18550000E+01  0.19922489E+03 -0.66872581E+03
  0.18600000E+01  0.20043797E+03 -0.67115988E+03
  0.18650000E+01  0.20166528E+03 -0.67361153E+03
  0.18700000E+01  0.20291130E+03 -0.67607915E+03
  0.18750000E+01  0.20417630E+03 -0.67856191E+03
  0.18800000E+01  0.20545644E+03 -0.68106027E+03
  0.18850000E+01  0.20674580E+03 -0.68357571E+03
  0.18900000E+01  0.20803940E+03 -0.68610991E+03
  0.18950000E+01  0.20933562E+03 -0.68866386E+03
  0.19000000E+01  0.21063701E+03 -0.69123765E+03
  0.19050000E+01  0.21194917E+03 -0.69383079E+03
  0.19100000E+01  0.21327819E+03 -0.69644298E+03
  0.19150000E+01  0.21462797E+03 -0.69907453E+03
  0.19200000E+01  0.21599850E+03 -0.70172631E+03
  0.19250000E+01  0.21738604E+03 -0.70439936E+03
  0.19300000E+01  0.21878488E+03 -0.70709435E+03
  0.19350000E+01  0.22019008E+03 -0.70981156E+03
  0.19400000E+01  0.22159986E+03 -0.71255118E+03
  0.19450000E+01  0.22301657E+03 -0.71531390E+03
  0.19500000E+01  0.22444584E+03 -0.71810116E+03
  0.19550000E+01  0.22589408E+03 -0.72091489E+03
  0.19600000E+01  0.22736564E+03 -0.72375688E+03
  0.19650000E+01  0.22886084E+03 -0.72662815E+03
  0.19700000E+01  0.23037566E+03 -0.72952886E+03
  0.19750000E+01  0.23190302E+03 -0.73245895E+03
  0.19800000E+01  0.23343546E+03 -0.73541923E+03
  0.19850000E+01  0.23497701E+03 -0.73841213E+03
  0.19900000E+01  0.23653943E+03 -0.74144110E+03
  0.19950000E+01  0.23809509E+03 -0.74450624E+03
  0.20000000E+01  0.23974666E+03 -0.74759776E+03
  0.20050000E+01  0.24146470E+03 -0.75071368E+03
  0.20100000E+01  0.24323853E+03 -0.75385266E+03
  0.20150000E+01  0.24505858E+03 -0.75701330E+03
  0.20200000E+01  0.24691508E+03 -0.76019562E+03
  0.20250000E+01  0.24880072E+03 -0.76340181E+03
  0.20300000E+01  0.25071364E+03 -0.76663565E+03
  0.20350000E+01  0.25265770E+03 -0.76990111E+03
  0.20400000E+01  0.25464045E+03 -0.77320087E+03
  0.20450000E+01  0.25666918E+03 -0.77653570E+03
  0.20500000E+01  0.25874720E+03 -0.77990516E+03
  0.20550000E+01  0.26087220E+03 -0.78330915E+03
  0.20600000E+01  0.26303739E+03 -0.78674937E+03
  0.20650000E+01  0.26523505E+03 -0.79022996E+03
  0.20700000E+01  0.26746048E+03 -0.79375697E+03
  0.20750000E+01  0.26971454E+03 -0.79733709E+03
  0.20800000E+01  0.27200331E+03 -0.80097659E+03
  0.20850000E+01  0.27433534E+03 -0.80468112E+03
  0.20900000E+01  0.27671769E+03 -0.80845663E+03
  0.20950000E+01  0.27915306E+03 -0.81231091E+03
  0.21000000E+01  0.28163872E+03 -0.81625518E+03
  0.21050000E+01  0.28416511E+03 -0.82030537E+03
  0.21100000E+01  0.28670756E+03 -0.82448313E+03
  0.21150000E+01  0.28921624E+03 -0.82881700E+03
  0.21200000E+01  0.29171232E+03 -0.83334413E+03
  0.21250000E+01  0.29476319E+03 -0.83811051E+03
  0.21300000E+01  0.29841437E+03 -0.84314859E+03
  0.21350000E+01  0.29785450E+03 -0.84817238E+03
  0.21400000E+01  0.31365845E+03 -0.85040666E+03
  0.21450000E+01  0.32216208E+03 -0.85229608E+03
  0.21500000E+01  0.32913296E+03 -0.85419278E+03
  0.21550000E+01  0.33530010E+03 -0.85609708E+03
  0.21600000E+01  0.34107287E+03 -0.85800968E+03
  0.21650000E+01  0.34652141E+03 -0.85993108E+03
  0.21700000E+01  0.35177180E+03 -0.86186107E+03
  0.21750000E+01  0.35686301E+03 -0.86379854E+03
  0.21800000E+01  0.36184667E+03 -0.86574173E+03
  0.21850000E+01  0.36674449E+03 -0.86768880E+03
  0.21900000E+01  0.37157222E+03 -0.86963849E+03
  0.21950000E+01  0.37634209E+03 -0.87159050E+03
  0.22000000E+01  0.38106271E+03 -0.87354527E+03
  0.22050000E+01  0.38574547E+03 -0.87550340E+03
  0.22100000E+01  0.39040436E+03 -0.87746496E+03
  0.22150000E+01  0.39505301E+03 -0.87942916E+03
  0.22200000E+01  0.39970287E+03 -0.88139432E+03
  0.22250000E+01  0.40436142E+03 -0.88335847E+03
  0.22300000E+01  0.40903137E+03 -0.88531998E+03
  0.22350000E+01  0.41371246E+03 -0.88727787E+03
  0.22400000E+01  0.41840422E+03 -0.88923214E+03
  0.22450000E+01  0.42310835E+03 -0.89118332E+03
  0.22500000E+01  0.42782983E+03 -0.89313185E+03
  0.22550000E+01  0.43257630E+03 -0.89507767E+03
  0.22600000E+01  0.43735590E+03 -0.89701992E+03
  0.22650000E+01  0.44217465E+03 -0.89895718E+03
  0.22700000E+01  0.44703485E+03 -0.90088808E+03
  0.22750000E+01  0.45193552E+03 -0.90281201E+03
  0.22800000E+01  0.45687442E+03 -0.90472939E+03
  0.22850000E+01  0.46185047E+03 -0.90664155E+03
  0.22900000E+01  0.46686527E+03 -0.90855027E+03
  0.22950000E+01  0.47192307E+03 -0.91045740E+03
  0.23000000E+01  0.47702956E+03 -0.91236448E+03
  0.23050000E+01  0.48219031E+03 -0.91427300E+03
  0.23100000E+01  0.48740897E+03 -0.91618475E+03
  0.23150000E+01  0.49268592E+03 -0.91810247E+03
  0.23200000E+01  0.49801880E+03 -0.92003050E+03
  0.23250000E+01  0.50340503E+03 -0.92197525E+03
  0.23300000E+01  0.50884294E+03 -0.92394556E+03
  0.23350000E+01  0.51433158E+03 -0.92595303E+03
  0.23400000E+01  0.51987978E+03 -0.92801235E+03
  0.23450000E+01  0.52553547E+03 -0.93014232E+03
  0.23500000E+01  0.53140057E+03 -0.93236739E+03
  0.23550000E+01  0.53738213E+03 -0.93471175E+03
  0.23600000E+01  0.54218541E+03 -0.93705626E+03
  0.23650000E+01  0.55388336E+03 -0.93804922E+03
  0.23700000E+01  0.56246883E+03 -0.93887423E+03
  0.23750000E+01  0.57051975E+03 -0.93967406E+03
  0.23800000E+01  0.57835447E+03 -0.94044806E+03
  0.23850000E+01  0.58613501E+03 -0.94119372E+03
  0.23900000E+01  0.59393197E+03 -0.94190692E+03
  0.23950000E+01  0.60180198E+03 -0.94258196E+03
  0.24000000E+01  0.60979138E+03 -0.94321116E+03
  0.24050000E+01  0.61795356E+03 -0.94378331E+03
  0.24100000E+01  0.62634367E+03 -0.94427940E+03
  0.24150000E+01  0.63506537E+03 -0.94465633E+03
  0.24200000E+01  0.64435940E+03 -0.94475824E+03
  0.24250000E+01  0.65394668E+03 -0.94456116E+03
  0.24300000E+01  0.66390352E+03 -0.94393177E+03
  0.24350000E+01  0.67465607E+03 -0.94255955E+03
  0.24400000E+01  0.68273616E+03 -0.94127033E+03
  0.24450000E+01  0.69113977E+03 -0.94030454E+03
  0.24500000E+01  0.69991080E+03 -0.93941780E+03
  0.24550000E+01  0.70890096E+03 -0.93852415E+03
  0.24600000E+01  0.71855899E+03 -0.93761072E+03
  0.24650000E+01  0.72857010E+03 -0.93657902E+03
  0.24700000E+01  0.73968524E+03 -0.93528264E+03
  0.24750000E+01  0.75318768E+03 -0.93295990E+03
  0.24800000E+01  0.76540334E+03 -0.92987472E+03
  0.24850000E+01  0.77694652E+03 -0.92659124E+03
  0.24900000E+01  0.78876216E+03 -0.92351461E+03
  0.24950000E+01  0.80186305E+03 -0.92014709E+03
  0.25000000E+01  0.81624747E+03 -0.91602290E+03
  0.25050000E+01  0.83171305E+03 -0.91106981E+03
  0.25100000E+01  0.84989772E+03 -0.90484109E+03
  0.25150000E+01  0.87039659E+03 -0.89649304E+03
  0.25200000E+01  0.89085844E+03 -0.88591211E+03
  0.25250000E+01  0.90834439E+03 -0.87410902E+03
  0.25300000E+01  0.92347754E+03 -0.86173049E+03
  0.25350000E+01  0.93611368E+03 -0.84972614E+03
  0.25400000E+01  0.94964680E+03 -0.83771792E+03
  0.25450000E+01  0.96579148E+03 -0.82457396E+03
  0.25500000E+01  0.98495499E+03 -0.80835011E+03
  0.25550000E+01  0.10087399E+04 -0.78564656E+03
  0.25600000E+01  0.10121018E+04 -0.76177600E+03
  0.25650000E+01  0.10171477E+04 -0.74086869E+03
  0.25700000E+01  0.10110955E+04 -0.72384156E+03
  0.25750000E+01  0.10038097E+04 -0.70950786E+03
  0.25800000E+01  0.99671000E+03 -0.69686349E+03
  0.25850000E+01  0.98962845E+03 -0.68547025E+03
  0.25900000E+01  0.98258327E+03 -0.67506709E+03
  0.25950000E+01  0.97557283E+03 -0.66548213E+03
  0.26000000E+01  0.96862562E+03 -0.65659420E+03
  0.26050000E+01  0.96172367E+03 -0.64831365E+03
  0.26100000E+01  0.95486117E+03 -0.64057166E+03
  0.26150000E+01  0.94804020E+03 -0.63331377E+03
  0.26200000E+01  0.94126083E+03 -0.62649565E+03
  0.26250000E+01  0.93452239E+03 -0.62008052E+03
  0.26300000E+01  0.92782399E+03 -0.61403746E+03
  0.26350000E+01  0.92116559E+03 -0.60834025E+03
  0.26400000E+01  0.91454788E+03 -0.60296644E+03
  0.26450000E+01  0.90797172E+03 -0.59789661E+03
  0.26500000E+01  0.90143812E+03 -0.59311381E+03
  0.26550000E+01  0.89494806E+03 -0.58860310E+03
  0.26600000E+01  0.88850212E+03 -0.58435121E+03
  0.26650000E+01  0.88210018E+03 -0.58034616E+03
  0.26700000E+01  0.87574144E+03 -0.57657704E+03
  0.26750000E+01  0.86942475E+03 -0.57303403E+03
  0.26800000E+01  0.86314906E+03 -0.56970821E+03
  0.26850000E+01  0.85691431E+03 -0.56659140E+03
  0.26900000E+01  0.85072243E+03 -0.56367571E+03
  0.26950000E+01  0.84457830E+03 -0.56095320E+03
  0.27000000E+01  0.83849033E+03 -0.55841553E+03
  0.27050000E+01  0.83247056E+03 -0.55605350E+03
  0.27100000E+01  0.82653560E+03 -0.55385567E+03
  0.27150000E+01  0.82072503E+03 -0.55180457E+03
  0.27200000E+01  0.81510314E+03 -0.54986180E+03
  0.27250000E+01  0.81016815E+03 -0.54784056E+03
  0.27300000E+01  0.80418407E+03 -0.54577489E+03
  0.27350000E+01  0.79807530E+03 -0.54405179E+03
  0.27400000E+01  0.79201591E+03 -0.54255112E+03
  0.27450000E+01  0.78612883E+03 -0.54120717E+03
  0.27500000E+01  0.78008497E+03 -0.54001136E+03
  0.27550000E+01  0.77403317E+03 -0.53902104E+03
  0.27600000E+01  0.76800576E+03 -0.53820912E+03
  0.27650000E+01  0.76200279E+03 -0.53756672E+03
  0.27700000E+01  0.75602465E+03 -0.53708917E+03
  0.27750000E+01  0.75007164E+03 -0.53677385E+03
  0.27800000E+01  0.74414291E+03 -0.53661960E+03
  0.27850000E+01  0.73823890E+03 -0.53662641E+03
  0.27900000E+01  0.73235750E+03 -0.53679508E+03
  0.27950000E+01  0.72650389E+03 -0.53712612E+03
  0.28000000E+01  0.72067864E+03 -0.53762019E+03
  0.28050000E+01  0.71487306E+03 -0.53828236E+03
  0.28100000E+01  0.70908846E+03 -0.53911692E+03
  0.28150000E+01  0.70332413E+03 -0.54012942E+03
  0.28200000E+01  0.69757867E+03 -0.54132681E+03
  0.28250000E+01  0.69185013E+03 -0.54271772E+03
  0.28300000E+01  0.68613669E+03 -0.54431290E+03
  0.28350000E+01  0.68043848E+03 -0.54612597E+03
  0.28400000E+01  0.67475056E+03 -0.54817383E+03
  0.28450000E+01  0.66910265E+03 -0.55047309E+03
  0.28500000E+01  0.66345633E+03 -0.55305662E+03
  0.28550000E+01  0.65782304E+03 -0.55596273E+03
  0.28600000E+01  0.65220170E+03 -0.55924272E+03
  0.28650000E+01  0.64653637E+03 -0.56296874E+03
  0.28700000E+01  0.64067510E+03 -0.56724553E+03
  0.28750000E+01  0.63533459E+03 -0.57222516E+03
  0.28800000E+01  0.63137795E+03 -0.57806114E+03
  0.28850000E+01  0.63279213E+03 -0.58230877E+03
  0.28900000E+01  0.64360457E+03 -0.58155630E+03
  0.28950000E+01  0.64718117E+03 -0.58087835E+03
  0.29000000E+01  0.64870327E+03 -0.58035288E+03
  0.29050000E+01  0.64919677E+03 -0.57997308E+03
  0.29100000E+01  0.64901390E+03 -0.57973124E+03
  0.29150000E+01  0.64840564E+03 -0.57961894E+03
  0.29200000E+01  0.64747569E+03 -0.57962720E+03
  0.29250000E+01  0.64631873E+03 -0.57974691E+03
  0.29300000E+01  0.64498446E+03 -0.57996945E+03
  0.29350000E+01  0.64351811E+03 -0.58028696E+03
  0.29400000E+01  0.64194817E+03 -0.58069242E+03
  0.29450000E+01  0.64029823E+03 -0.58117928E+03
  0.29500000E+01  0.63858707E+03 -0.58174145E+03
  0.29550000E+01  0.63682804E+03 -0.58237305E+03
  0.29600000E+01  0.63503231E+03 -0.58306861E+03
  0.29650000E+01  0.63320843E+03 -0.58382282E+03
  0.29700000E+01  0.63136342E+03 -0.58463037E+03
  0.29750000E+01  0.62950383E+03 -0.58548576E+03
  0.29800000E+01  0.62763543E+03 -0.58638312E+03
  0.29850000E+01  0.62576306E+03 -0.58731594E+03
  0.29900000E+01  0.62389061E+03 -0.58827668E+03
  0.29950000E+01  0.62202031E+03 -0.58925617E+03
  0.30000000E+01  0.62015412E+03 -0.59024251E+03
  0.30050000E+01  0.61828984E+03 -0.59121902E+03
  0.30100000E+01  0.61643247E+03 -0.59215962E+03
  0.30150000E+01  0.61458948E+03 -0.59301636E+03
  0.30200000E+01  0.61272341E+03 -0.59367023E+03
  0.30250000E+01  0.60885001E+03 -0.59397813E+03
  0.30300000E+01  0.60451435E+03 -0.59516233E+03
  0.30350000E+01  0.60131989E+03 -0.59679394E+03
  0.30400000E+01  0.59834516E+03 -0.59860448E+03
  0.30450000E+01  0.59557790E+03 -0.60052947E+03
  0.30500000E+01  0.59295592E+03 -0.60254240E+03
  0.30550000E+01  0.59043451E+03 -0.60462991E+03
  0.30600000E+01  0.58798924E+03 -0.60678455E+03
  0.30650000E+01  0.58560486E+03 -0.60900200E+03
  0.30700000E+01  0.58327030E+03 -0.61127961E+03
  0.30750000E+01  0.58097801E+03 -0.61361587E+03
  0.30800000E+01  0.57872893E+03 -0.61601057E+03
  0.30850000E+01  0.57653664E+03 -0.61846426E+03
  0.30900000E+01  0.57428066E+03 -0.62097424E+03
  0.30950000E+01  0.57243317E+03 -0.62346643E+03
  0.31000000E+01  0.57049915E+03 -0.62596816E+03
  0.31050000E+01  0.56853989E+03 -0.62851437E+03
  0.31100000E+01  0.56658217E+03 -0.63110486E+03
  0.31150000E+01  0.56462928E+03 -0.63373941E+03
  0.31200000E+01  0.56267032E+03 -0.63641747E+03
  0.31250000E+01  0.56073719E+03 -0.63913678E+03
  0.31300000E+01  0.55882308E+03 -0.64189623E+03
  0.31350000E+01  0.55691906E+03 -0.64469634E+03
  0.31400000E+01  0.55502271E+03 -0.64753733E+03
  0.31450000E+01  0.55313239E+03 -0.65041923E+03
  0.31500000E+01  0.55124738E+03 -0.65334193E+03
  0.31550000E+01  0.54936712E+03 -0.65630540E+03
  0.31600000E+01  0.54749096E+03 -0.65930959E+03
  0.31650000E+01  0.54561807E+03 -0.66235418E+03
  0.31700000E+01  0.54374667E+03 -0.66543870E+03
  0.31750000E+01  0.54187405E+03 -0.66856235E+03
  0.31800000E+01  0.53999720E+03 -0.67172374E+03
  0.31850000E+01  0.53811328E+03 -0.67492064E+03
  0.31900000E+01  0.53621877E+03 -0.67814963E+03
  0.31950000E+01  0.53431307E+03 -0.68140560E+03
  0.32000000E+01  0.53239940E+03 -0.68468025E+03
  0.32050000E+01  0.53046642E+03 -0.68795992E+03
  0.32100000E+01  0.52854050E+03 -0.69122180E+03
  0.32150000E+01  0.52659271E+03 -0.69436250E+03
  0.32200000E+01  0.52321406E+03 -0.69742224E+03
  0.32250000E+01  0.51978968E+03 -0.70059279E+03
  0.32300000E+01  0.51537732E+03 -0.70405909E+03
  0.32350000E+01  0.51210982E+03 -0.70801105E+03
  0.32400000E+01  0.50961641E+03 -0.71226887E+03
  0.32450000E+01  0.50738299E+03 -0.71671034E+03
  0.32500000E+01  0.50515596E+03 -0.72130256E+03
  0.32550000E+01  0.50307837E+03 -0.72604658E+03
  0.32600000E+01  0.50102147E+03 -0.73090454E+03
  0.32650000E+01  0.49896883E+03 -0.73585535E+03
  0.32700000E+01  0.49773691E+03 -0.74085293E+03
  0.32750000E+01  0.49664567E+03 -0.74584785E+03
  0.32800000E+01  0.49553937E+03 -0.75090947E+03
  0.32850000E+01  0.49455754E+03 -0.75601788E+03
  0.32900000E+01  0.49370456E+03 -0.76114820E+03
  0.32950000E+01  0.49309024E+03 -0.76625462E+03
  0.33000000E+01  0.49314114E+03 -0.77123468E+03
  0.33050000E+01  0.49577482E+03 -0.77563088E+03
  0.33100000E+01  0.49895467E+03 -0.77790303E+03
  0.33150000E+01  0.49302763E+03 -0.77972868E+03
  0.33200000E+01  0.48872928E+03 -0.78443659E+03
  0.33250000E+01  0.48641388E+03 -0.79060811E+03
  0.33300000E+01  0.48687692E+03 -0.79730127E+03
  0.33350000E+01  0.48954491E+03 -0.80363870E+03
  0.33400000E+01  0.49746234E+03 -0.80837285E+03
  0.33450000E+01  0.50329628E+03 -0.81053716E+03
  0.33500000E+01  0.50236162E+03 -0.81045512E+03
  0.33550000E+01  0.49944938E+03 -0.81197558E+03
  0.33600000E+01  0.49752050E+03 -0.81661504E+03
  0.33650000E+01  0.49581186E+03 -0.82218980E+03
  0.33700000E+01  0.49442987E+03 -0.82805508E+03
  0.33750000E+01  0.49330761E+03 -0.83403862E+03
  0.33800000E+01  0.49197774E+03 -0.84018092E+03
  0.33850000E+01  0.49048617E+03 -0.84647569E+03
  0.33900000E+01  0.48918484E+03 -0.85300693E+03
  0.33950000E+01  0.48809811E+03 -0.85971065E+03
  0.34000000E+01  0.48733041E+03 -0.86658960E+03
  0.34050000E+01  0.48673268E+03 -0.87358201E+03
  0.34100000E+01  0.48631342E+03 -0.88068019E+03
  0.34150000E+01  0.48604743E+03 -0.88788316E+03
  0.34200000E+01  0.48601724E+03 -0.89518262E+03
  0.34250000E+01  0.48611801E+03 -0.90256844E+03
  0.34300000E+01  0.48637280E+03 -0.91004237E+03
  0.34350000E+01  0.48678898E+03 -0.91759317E+03
  0.34400000E+01  0.48746527E+03 -0.92520496E+03
  0.34450000E+01  0.48846589E+03 -0.93284359E+03
  0.34500000E+01  0.48933272E+03 -0.94053866E+03
  0.34550000E+01  0.49017999E+03 -0.94834368E+03
  0.34600000E+01  0.49109174E+03 -0.95627009E+03
  0.34650000E+01  0.49211070E+03 -0.96430353E+03
  0.34700000E+01  0.49317701E+03 -0.97246467E+03
  0.34750000E+01  0.49437014E+03 -0.98076024E+03
  0.34800000E+01  0.49567944E+03 -0.98919017E+03
  0.34850000E+01  0.49720196E+03 -0.99774450E+03
  0.34900000E+01  0.49915794E+03 -0.10063524E+04
  0.34950000E+01  0.50121513E+03 -0.10150874E+04
  0.35000000E+01  0.50342060E+03 -0.10239604E+04
  0.35050000E+01  0.50585959E+03 -0.10329613E+04
  0.35100000E+01  0.50860245E+03 -0.10420830E+04
  0.35150000E+01  0.51153205E+03 -0.10513314E+04
  0.35200000E+01  0.51466259E+03 -0.10607203E+04
  0.35250000E+01  0.51805647E+03 -0.10702590E+04
  0.35300000E+01  0.52177212E+03 -0.10799402E+04
  0.35350000E+01  0.52584167E+03 -0.10897617E+04
  0.35400000E+01  0.53030524E+03 -0.10997207E+04
  0.35450000E+01  0.53520924E+03 -0.11098131E+04
  0.35500000E+01  0.54061525E+03 -0.11200325E+04
  0.35550000E+01  0.54660581E+03 -0.11303700E+04
  0.35600000E+01  0.55330100E+03 -0.11408119E+04
  0.35650000E+01  0.56090336E+03 -0.11513366E+04
  0.35700000E+01  0.56979979E+03 -0.11618987E+04
  0.35750000E+01  0.58101038E+03 -0.11723530E+04
  0.35800000E+01  0.59954128E+03 -0.11809382E+04
  0.35850000E+01  0.61303786E+03 -0.11851463E+04
  0.35900000E+01  0.61369797E+03 -0.11873958E+04
  0.35950000E+01  0.61208129E+03 -0.11896396E+04
  0.36000000E+01  0.60844346E+03 -0.11943118E+04
  0.36050000E+01  0.59829358E+03 -0.12021331E+04
  0.36100000E+01  0.59384573E+03 -0.12144001E+04
  0.36150000E+01  0.58886970E+03 -0.12293356E+04
  0.36200000E+01  0.60251795E+03 -0.12430846E+04
  0.36250000E+01  0.62174705E+03 -0.12528590E+04
  0.36300000E+01  0.63609683E+03 -0.12633371E+04
  0.36350000E+01  0.64991274E+03 -0.12743179E+04
  0.36400000E+01  0.66633436E+03 -0.12849900E+04
  0.36450000E+01  0.68520427E+03 -0.12943386E+04
  0.36500000E+01  0.70566871E+03 -0.13025435E+04
  0.36550000E+01  0.72845647E+03 -0.13087654E+04
  0.36600000E+01  0.75557899E+03 -0.13123480E+04
  0.36650000E+01  0.78227298E+03 -0.13106240E+04
  0.36700000E+01  0.80266513E+03 -0.13090575E+04
  0.36750000E+01  0.81625219E+03 -0.13076924E+04
  0.36800000E+01  0.82996955E+03 -0.13073974E+04
  0.36850000E+01  0.84324295E+03 -0.13075148E+04
  0.36900000E+01  0.85591341E+03 -0.13079815E+04
  0.36950000E+01  0.86816853E+03 -0.13087420E+04
  0.37000000E+01  0.88016636E+03 -0.13097182E+04
  0.37050000E+01  0.89194396E+03 -0.13108347E+04
  0.37100000E+01  0.90318729E+03 -0.13122494E+04
  0.37150000E+01  0.91415413E+03 -0.13140088E+04
  0.37200000E+01  0.92499276E+03 -0.13160769E+04
  0.37250000E+01  0.93612249E+03 -0.13182507E+04
  0.37300000E+01  0.94301856E+03 -0.13206740E+04
  0.37350000E+01  0.95325886E+03 -0.13246483E+04
  0.37400000E+01  0.96435980E+03 -0.13288408E+04
  0.37450000E+01  0.97907364E+03 -0.13327705E+04
  0.37500000E+01  0.99993500E+03 -0.13354599E+04
  0.37550000E+01  0.10235182E+04 -0.13369154E+04
  0.37600000E+01  0.10453999E+04 -0.13375993E+04
  0.37650000E+01  0.10679346E+04 -0.13378081E+04
  0.37700000E+01  0.10926610E+04 -0.13369873E+04
  0.37750000E+01  0.11209949E+04 -0.13340409E+04
  0.37800000E+01  0.11498708E+04 -0.13275787E+04
  0.37850000E+01  0.11781846E+04 -0.13153322E+04
  0.37900000E+01  0.11914246E+04 -0.13009784E+04
  0.37950000E+01  0.12012647E+04 -0.12885937E+04
  0.38000000E+01  0.12045968E+04 -0.12778422E+04
  0.38050000E+01  0.12103893E+04 -0.12717159E+04
  0.38100000E+01  0.12200194E+04 -0.12670533E+04
  0.38150000E+01  0.12328912E+04 -0.12625207E+04
  0.38200000E+01  0.12469736E+04 -0.12574760E+04
  0.38250000E+01  0.12592959E+04 -0.12522185E+04
  0.38300000E+01  0.12731301E+04 -0.12466970E+04
  0.38350000E+01  0.12892641E+04 -0.12398014E+04
  0.38400000E+01  0.13045288E+04 -0.12300676E+04
  0.38450000E+01  0.13275424E+04 -0.12175907E+04
  0.38500000E+01  0.13412486E+04 -0.12009405E+04
  0.38550000E+01  0.13408698E+04 -0.11898624E+04
  0.38600000E+01  0.13433922E+04 -0.11814891E+04
  0.38650000E+01  0.13518269E+04 -0.11724674E+04
  0.38700000E+01  0.13594215E+04 -0.11593377E+04
  0.38750000E+01  0.13531975E+04 -0.11503279E+04
  0.38800000E+01  0.13491576E+04 -0.11445989E+04
  0.38850000E+01  0.13445815E+04 -0.11405453E+04
  0.38900000E+01  0.13426302E+04 -0.11382756E+04
  0.38950000E+01  0.13431973E+04 -0.11368167E+04
  0.39000000E+01  0.13469198E+04 -0.11353569E+04
  0.39050000E+01  0.13530474E+04 -0.11334119E+04
  0.39100000E+01  0.13612714E+04 -0.11277625E+04
  0.39150000E+01  0.13664757E+04 -0.11230245E+04
  0.39200000E+01  0.13723613E+04 -0.11174604E+04
  0.39250000E+01  0.13792089E+04 -0.11106130E+04
  0.39300000E+01  0.13912936E+04 -0.11007666E+04
  0.39350000E+01  0.13853286E+04 -0.10808162E+04
  0.39400000E+01  0.13712758E+04 -0.10696394E+04
  0.39450000E+01  0.13671569E+04 -0.10647088E+04
  0.39500000E+01  0.13690849E+04 -0.10599699E+04
  0.39550000E+01  0.13667182E+04 -0.10540682E+04
  0.39600000E+01  0.13619825E+04 -0.10527475E+04
  0.39650000E+01  0.13592282E+04 -0.10534882E+04
  0.39700000E+01  0.13584573E+04 -0.10551545E+04
  0.39750000E+01  0.13592989E+04 -0.10572933E+04
  0.39800000E+01  0.13615031E+04 -0.10596570E+04
  0.39850000E+01  0.13647307E+04 -0.10621093E+04
  0.39900000E+01  0.13693034E+04 -0.10644982E+04
  0.39950000E+01  0.13747576E+04 -0.10667556E+04
  0.40000000E+01  0.13810575E+04 -0.10687685E+04
  0.40050000E+01  0.13866509E+04 -0.10703992E+04
  0.40100000E+01  0.13950503E+04 -0.10722852E+04
  0.40150000E+01  0.14040741E+04 -0.10738153E+04
  0.40200000E+01  0.14136614E+04 -0.10747943E+04
  0.40250000E+01  0.14239374E+04 -0.10750898E+04
  0.40300000E+01  0.14345722E+04 -0.10746215E+04
  0.40350000E+01  0.14452511E+04 -0.10733915E+04
  0.40400000E+01  0.14560880E+04 -0.10713167E+04
  0.40450000E+01  0.14672013E+04 -0.10679490E+04
  0.40500000E+01  0.14786246E+04 -0.10614946E+04
  0.40550000E+01  0.14509119E+04 -0.10523919E+04
  0.40600000E+01  0.14607194E+04 -0.10571073E+04
  0.40650000E+01  0.14773800E+04 -0.10616041E+04
  0.40700000E+01  0.14974087E+04 -0.10621475E+04
  0.40750000E+01  0.15143107E+04 -0.10601555E+04
  0.40800000E+01  0.15297088E+04 -0.10571994E+04
  0.40850000E+01  0.15457463E+04 -0.10529840E+04
  0.40900000E+01  0.15617482E+04 -0.10474366E+04
  0.40950000E+01  0.15779363E+04 -0.10401754E+04
  0.41000000E+01  0.15941509E+04 -0.10308469E+04
  0.41050000E+01  0.16086181E+04 -0.10194137E+04
  0.41100000E+01  0.16204471E+04 -0.10063663E+04
  0.41150000E+01  0.16289243E+04 -0.99272328E+03
  0.41200000E+01  0.16345995E+04 -0.97962061E+03
  0.41250000E+01  0.16396492E+04 -0.96747389E+03
  0.41300000E+01  0.16447554E+04 -0.95612627E+03
  0.41350000E+01  0.16496693E+04 -0.94561695E+03
  0.41400000E+01  0.16550760E+04 -0.93557396E+03
  0.41450000E+01  0.16614517E+04 -0.92562439E+03
  0.41500000E+01  0.16693152E+04 -0.91518415E+03
  0.41550000E+01  0.16770907E+04 -0.90414208E+03
  0.41600000E+01  0.16861814E+04 -0.89227823E+03
  0.41650000E+01  0.16970284E+04 -0.87917565E+03
  0.41700000E+01  0.17085977E+04 -0.86402349E+03
  0.41750000E+01  0.17208357E+04 -0.84651390E+03
  0.41800000E+01  0.17357182E+04 -0.82453397E+03
  0.41850000E+01  0.17378688E+04 -0.79069514E+03
  0.41900000E+01  0.17240638E+04 -0.75653784E+03
  0.41950000E+01  0.17063083E+04 -0.72837436E+03
  0.42000000E+01  0.16951889E+04 -0.70794116E+03
  0.42050000E+01  0.16888152E+04 -0.68750976E+03
  0.42100000E+01  0.16742921E+04 -0.66882296E+03
  0.42150000E+01  0.16537325E+04 -0.64981064E+03
  0.42200000E+01  0.16290595E+04 -0.63419113E+03
  0.42250000E+01  0.16054246E+04 -0.62141194E+03
  0.42300000E+01  0.15826752E+04 -0.61089835E+03
  0.42350000E+01  0.15634794E+04 -0.60160806E+03
  0.42400000E+01  0.15463415E+04 -0.59225999E+03
  0.42450000E+01  0.15283382E+04 -0.58271261E+03
  0.42500000E+01  0.15105434E+04 -0.57273366E+03
  0.42550000E+01  0.14928427E+04 -0.56188077E+03
  0.42600000E+01  0.14692286E+04 -0.54977596E+03
  0.42650000E+01  0.14370027E+04 -0.53751565E+03
  0.42700000E+01  0.13946863E+04 -0.52610441E+03
  0.42750000E+01  0.13323559E+04 -0.52565423E+03
  0.42800000E+01  0.13143131E+04 -0.54439067E+03
  0.42850000E+01  0.12886538E+04 -0.55788131E+03
  0.42900000E+01  0.12871493E+04 -0.57908905E+03
  0.42950000E+01  0.12866469E+04 -0.59540594E+03
  0.43000000E+01  0.12826576E+04 -0.60911369E+03
  0.43050000E+01  0.12797493E+04 -0.62116328E+03
  0.43100000E+01  0.12768089E+04 -0.63190509E+03
  0.43150000E+01  0.12737047E+04 -0.64170822E+03
  0.43200000E+01  0.12705171E+04 -0.65074762E+03
  0.43250000E+01  0.12671527E+04 -0.65918160E+03
  0.43300000E+01  0.12631868E+04 -0.66721124E+03
  0.43350000E+01  0.12596478E+04 -0.67502360E+03
  0.43400000E+01  0.12553556E+04 -0.68261838E+03
  0.43450000E+01  0.12517857E+04 -0.69023349E+03
  0.43500000E+01  0.12484442E+04 -0.69775009E+03
  0.43550000E+01  0.12453952E+04 -0.70513181E+03
  0.43600000E+01  0.12424114E+04 -0.71236951E+03
  0.43650000E+01  0.12396179E+04 -0.71947771E+03
  0.43700000E+01  0.12370426E+04 -0.72639797E+03
  0.43750000E+01  0.12346791E+04 -0.73297896E+03
  0.43800000E+01  0.12301391E+04 -0.73909975E+03
  0.43850000E+01  0.12231058E+04 -0.74487975E+03
  0.43900000E+01  0.12154830E+04 -0.75210444E+03
  0.43950000E+01  0.12117274E+04 -0.76021042E+03
  0.44000000E+01  0.12087720E+04 -0.76857161E+03
  0.44050000E+01  0.12079728E+04 -0.77636839E+03
  0.44100000E+01  0.12054081E+04 -0.78391212E+03
  0.44150000E+01  0.12024370E+04 -0.79207243E+03
  0.44200000E+01  0.11999559E+04 -0.80056465E+03
  0.44250000E+01  0.11979806E+04 -0.80922937E+03
  0.44300000E+01  0.11964379E+04 -0.81795311E+03
  0.44350000E+01  0.11952198E+04 -0.82632499E+03
  0.44400000E+01  0.11938261E+04 -0.83404021E+03
  0.44450000E+01  0.11925229E+04 -0.84263037E+03
  0.44500000E+01  0.11912620E+04 -0.85174808E+03
  0.44550000E+01  0.11921206E+04 -0.86083143E+03
  0.44600000E+01  0.11929520E+04 -0.86968139E+03
  0.44650000E+01  0.11935045E+04 -0.87847226E+03
  0.44700000E+01  0.11937548E+04 -0.88774422E+03
  0.44750000E+01  0.11945287E+04 -0.89722715E+03
  0.44800000E+01  0.11963737E+04 -0.90656909E+03
  0.44850000E+01  0.11976885E+04 -0.91578814E+03
  0.44900000E+01  0.11986639E+04 -0.92522099E+03
  0.44950000E+01  0.12000197E+04 -0.93478503E+03
  0.45000000E+01  0.12015199E+04 -0.94442960E+03
  0.45050000E+01  0.12027551E+04 -0.95436427E+03
  0.45100000E+01  0.12045840E+04 -0.96465779E+03
  0.45150000E+01  0.12071929E+04 -0.97515384E+03
  0.45200000E+01  0.12104418E+04 -0.98583163E+03
  0.45250000E+01  0.12145416E+04 -0.99665865E+03
  0.45300000E+01  0.12196063E+04 -0.10075511E+04
  0.45350000E+01  0.12264490E+04 -0.10182464E+04
  0.45400000E+01  0.12321744E+04 -0.10288918E+04
  0.45450000E+01  0.12397994E+04 -0.10395352E+04
  0.45500000E+01  0.12481437E+04 -0.10502259E+04
  0.45550000E+01  0.12559737E+04 -0.10609003E+04
  0.45600000E+01  0.12637173E+04 -0.10719320E+04
  0.45650000E+01  0.12729527E+04 -0.10831507E+04
  0.45700000E+01  0.12836569E+04 -0.10943723E+04
  0.45750000E+01  0.12949156E+04 -0.11056439E+04
  0.45800000E+01  0.13058393E+04 -0.11171365E+04
  0.45850000E+01  0.13244801E+04 -0.11271447E+04
  0.45900000E+01  0.13464764E+04 -0.11352849E+04
  0.45950000E+01  0.13743568E+04 -0.11368879E+04
  0.46000000E+01  0.13968928E+04 -0.11370283E+04
  0.46050000E+01  0.14204302E+04 -0.11306947E+04
  0.46100000E+01  0.14229811E+04 -0.11213588E+04
  0.46150000E+01  0.14183364E+04 -0.11146734E+04
  0.46200000E+01  0.14166676E+04 -0.11113309E+04
  0.46250000E+01  0.14133580E+04 -0.11110250E+04
  0.46300000E+01  0.14133628E+04 -0.11122938E+04
  0.46350000E+01  0.14141727E+04 -0.11157687E+04
  0.46400000E+01  0.14163237E+04 -0.11206059E+04
  0.46450000E+01  0.14199360E+04 -0.11261330E+04
  0.46500000E+01  0.14247694E+04 -0.11322004E+04
  0.46550000E+01  0.14303380E+04 -0.11388481E+04
  0.46600000E+01  0.14379798E+04 -0.11459334E+04
  0.46650000E+01  0.14486328E+04 -0.11531000E+04
  0.46700000E+01  0.14632093E+04 -0.11597602E+04
  0.46750000E+01  0.14827930E+04 -0.11646018E+04
  0.46800000E+01  0.15080655E+04 -0.11651797E+04
  0.46850000E+01  0.15399051E+04 -0.11515016E+04
  0.46900000E+01  0.15456857E+04 -0.11166395E+04
  0.46950000E+01  0.14911810E+04 -0.10830031E+04
  0.47000000E+01  0.14820812E+04 -0.10930472E+04
  0.47050000E+01  0.14623768E+04 -0.10802999E+04
  0.47100000E+01  0.14230412E+04 -0.10876405E+04
  0.47150000E+01  0.13802031E+04 -0.11036032E+04
  0.47200000E+01  0.13808061E+04 -0.11283108E+04
  0.47250000E+01  0.13784078E+04 -0.11513314E+04
  0.47300000E+01  0.13776853E+04 -0.11755782E+04
  0.47350000E+01  0.13845540E+04 -0.12009780E+04
  0.47400000E+01  0.13912632E+04 -0.12279535E+04
  0.47450000E+01  0.14071850E+04 -0.12591816E+04
  0.47500000E+01  0.14733519E+04 -0.12611577E+04
  0.47550000E+01  0.14778944E+04 -0.12494930E+04
  0.47600000E+01  0.14818727E+04 -0.12659707E+04
  0.47650000E+01  0.14935596E+04 -0.12829873E+04
  0.47700000E+01  0.15121893E+04 -0.12979026E+04
  0.47750000E+01  0.15272687E+04 -0.13063508E+04
  0.47800000E+01  0.15362476E+04 -0.13190177E+04
  0.47850000E+01  0.15470644E+04 -0.13330966E+04
  0.47900000E+01  0.15610168E+04 -0.13503595E+04
  0.47950000E+01  0.15827971E+04 -0.13674821E+04
  0.48000000E+01  0.16143701E+04 -0.13795916E+04
  0.48050000E+01  0.16348648E+04 -0.13880381E+04
  0.48100000E+01  0.16553216E+04 -0.13980769E+04
  0.48150000E+01  0.16759299E+04 -0.14075584E+04
  0.48200000E+01  0.16991791E+04 -0.14169791E+04
  0.48250000E+01  0.17239177E+04 -0.14262045E+04
  0.48300000E+01  0.17467166E+04 -0.14351660E+04
  0.48350000E+01  0.17730812E+04 -0.14442256E+04
  0.48400000E+01  0.18047518E+04 -0.14508601E+04
  0.48450000E+01  0.18332984E+04 -0.14556641E+04
  0.48500000E+01  0.18618814E+04 -0.14622601E+04
  0.48550000E+01  0.18943872E+04 -0.14684100E+04
  0.48600000E+01  0.19308812E+04 -0.14729746E+04
  0.48650000E+01  0.19710944E+04 -0.14746709E+04
  0.48700000E+01  0.20136453E+04 -0.14730648E+04
  0.48750000E+01  0.20565398E+04 -0.14675141E+04
  0.48800000E+01  0.20925163E+04 -0.14598320E+04
  0.48850000E+01  0.21276776E+04 -0.14512664E+04
  0.48900000E+01  0.21656387E+04 -0.14416541E+04
  0.48950000E+01  0.22035638E+04 -0.14293660E+04
  0.49000000E+01  0.22431973E+04 -0.14153636E+04
  0.49050000E+01  0.22891313E+04 -0.13946091E+04
  0.49100000E+01  0.23215078E+04 -0.13671487E+04
  0.49150000E+01  0.23503633E+04 -0.13386497E+04
  0.49200000E+01  0.23617219E+04 -0.13034424E+04
  0.49250000E+01  0.23506592E+04 -0.12844465E+04
  0.49300000E+01  0.23434683E+04 -0.12768796E+04
  0.49350000E+01  0.23457012E+04 -0.12755266E+04
  0.49400000E+01  0.23541255E+04 -0.12761851E+04
  0.49450000E+01  0.23732556E+04 -0.12764246E+04
  0.49500000E+01  0.23958844E+04 -0.12748369E+04
  0.49550000E+01  0.24231548E+04 -0.12720255E+04
  0.49600000E+01  0.24539949E+04 -0.12683065E+04
  0.49650000E+01  0.24915134E+04 -0.12612979E+04
  0.49700000E+01  0.25549000E+04 -0.12413556E+04
  0.49750000E+01  0.26020228E+04 -0.12141579E+04
  0.49800000E+01  0.26392837E+04 -0.11833580E+04
  0.49850000E+01  0.26774537E+04 -0.11465626E+04
  0.49900000E+01  0.26803981E+04 -0.11135311E+04
  0.49950000E+01  0.26786649E+04 -0.10864401E+04
  0.50000000E+01  0.26640142E+04 -0.10567891E+04
