  0.00000000E+00  0.90058902E-44 -0.10848971E-16
  0.50000000E-02  0.90059082E-44 -0.72144909E-01
  0.10000000E-01  0.90059620E-44 -0.14429039E+00
  0.15000000E-01  0.90060516E-44 -0.21643703E+00
  0.20000000E-01  0.90061771E-44 -0.28858540E+00
  0.25000000E-01  0.90063385E-44 -0.36073608E+00
  0.30000000E-01  0.90065358E-44 -0.43288964E+00
  0.35000000E-01  0.90067689E-44 -0.50504666E+00
  0.40000000E-01  0.90070378E-44 -0.57720772E+00
  0.45000000E-01  0.90073427E-44 -0.64937339E+00
  0.50000000E-01  0.90076834E-44 -0.72154426E+00
  0.55000000E-01  0.90080599E-44 -0.79372090E+00
  0.60000000E-01  0.90084723E-44 -0.86590389E+00
  0.65000000E-01  0.90089206E-44 -0.93809380E+00
  0.70000000E-01  0.90094048E-44 -0.10102912E+01
  0.75000000E-01  0.90099248E-44 -0.10824967E+01
  0.80000000E-01  0.90104807E-44 -0.11547109E+01
  0.85000000E-01  0.90110725E-44 -0.12269343E+01
  0.90000000E-01  0.90117001E-44 -0.12991675E+01
  0.95000000E-01  0.90123636E-44 -0.13714112E+01
  0.10000000E+00  0.90130630E-44 -0.14436658E+01
  0.10500000E+00  0.90137983E-44 -0.15159320E+01
  0.11000000E+00  0.90145694E-44 -0.15882103E+01
  0.11500000E+00  0.90153764E-44 -0.16605014E+01
  0.12000000E+00  0.90162193E-44 -0.17328058E+01
  0.12500000E+00  0.90170981E-44 -0.18051240E+01
  0.13000000E+00  0.90180127E-44 -0.18774568E+01
  0.13500000E+00  0.90189632E-44 -0.19498046E+01
  0.14000000E+00  0.90199497E-44 -0.20221680E+01
  0.14500000E+00  0.90209720E-44 -0.20945477E+01
  0.15000000E+00  0.90220302E-44 -0.21669442E+01
  0.15500000E+00  0.90231242E-44 -0.22393581E+01
  0.16000000E+00  0.90242542E-44 -0.23117900E+01
  0.16500000E+00  0.90254201E-44 -0.23842405E+01
  0.17000000E+00  0.90266218E-44 -0.24567102E+01
  0.17500000E+00  0.90278595E-44 -0.25291996E+01
  0.18000000E+00  0.90291331E-44 -0.26017094E+01
  0.18500000E+00  0.90304425E-44 -0.26742401E+01
  0.19000000E+00  0.90317879E-44 -0.27467923E+01
  0.19500000E+00  0.90331692E-44 -0.28193667E+01
  0.20000000E+00  0.90345863E-44 -0.28919638E+01
  0.20500000E+00  0.90360394E-44 -0.29645842E+01
  0.21000000E+00  0.90375284E-44 -0.30372285E+01
  0.21500000E+00  0.90390534E-44 -0.31098973E+01
  0.22000000E+00  0.90406142E-44 -0.31825912E+01
  0.22500000E+00  0.90422110E-44 -0.32553109E+01
  0.23000000E+00  0.90438437E-44 -0.33280568E+01
  0.23500000E+00  0.90455123E-44 -0.34008296E+01
  0.24000000E+00  0.90472169E-44 -0.34736300E+01
  0.24500000E+00  0.90489573E-44 -0.35464584E+01
  0.25000000E+00  0.90507338E-44 -0.36193156E+01
  0.25500000E+00  0.90525461E-44 -0.36922021E+01
  0.26000000E+00  0.90543944E-44 -0.37651185E+01
  0.26500000E+00  0.90562787E-44 -0.38380654E+01
  0.27000000E+00  0.90581989E-44 -0.39110435E+01
  0.27500000E+00  0.90601551E-44 -0.39840533E+01
  0.28000000E+00  0.90621472E-44 -0.40570955E+01
  0.28500000E+00  0.90641752E-44 -0.41301706E+01
  0.29000000E+00  0.90662393E-44 -0.42032793E+01
  0.29500000E+00  0.90683393E-44 -0.42764222E+01
  0.30000000E+00  0.90704753E-44 -0.43496000E+01
  0.30500000E+00  0.90726472E-44 -0.44228131E+01
  0.31000000E+00  0.90748551E-44 -0.44960623E+01
  0.31500000E+00  0.90770991E-44 -0.45693482E+01
  0.32000000E+00  0.90793789E-44 -0.46426713E+01
  0.32500000E+00  0.90816948E-44 -0.47160324E+01
  0.33000000E+00  0.90840467E-44 -0.47894320E+01
  0.33500000E+00  0.90864346E-44 -0.48628708E+01
  0.34000000E+00  0.90888585E-44 -0.49363493E+01
  0.34500000E+00  0.90913184E-44 -0.50098683E+01
  0.35000000E+00  0.90938143E-44 -0.50834283E+01
  0.35500000E+00  0.90963462E-44 -0.51570299E+01
  0.36000000E+00  0.90989141E-44 -0.52306739E+01
  0.36500000E+00  0.91015181E-44 -0.53043608E+01
  0.37000000E+00  0.91041581E-44 -0.53780913E+01
  0.37500000E+00  0.91068341E-44 -0.54518660E+01
  0.38000000E+00  0.91095461E-44 -0.55256855E+01
  0.38500000E+00  0.91122942E-44 -0.55995505E+01
  0.39000000E+00  0.91150784E-44 -0.56734616E+01
  0.39500000E+00  0.91178986E-44 -0.57474195E+01
  0.40000000E+00  0.91207548E-44 -0.58214249E+01
  0.40500000E+00  0.91236472E-44 -0.58954782E+01
  0.41000000E+00  0.91265756E-44 -0.59695803E+01
  0.41500000E+00  0.91295400E-44 -0.60437317E+01
  0.42000000E+00  0.91325406E-44 -0.61179332E+01
  0.42500000E+00  0.91355772E-44 -0.61921852E+01
  0.43000000E+00  0.91386499E-44 -0.62664886E+01
  0.43500000E+00  0.91417587E-44 -0.63408440E+01
  0.44000000E+00  0.91449036E-44 -0.64152519E+01
  0.44500000E+00  0.91480846E-44 -0.64897132E+01
  0.45000000E+00  0.91513017E-44 -0.65642284E+01
  0.45500000E+00  0.91545549E-44 -0.66387981E+01
  0.46000000E+00  0.91578443E-44 -0.67134231E+01
  0.46500000E+00  0.91611698E-44 -0.67881040E+01
  0.47000000E+00  0.91645314E-44 -0.68628416E+01
  0.47500000E+00  0.91679291E-44 -0.69376363E+01
  0.48000000E+00  0.91713630E-44 -0.70124890E+01
  0.48500000E+00  0.91748331E-44 -0.70874002E+01
  0.49000000E+00  0.91783393E-44 -0.71623707E+01
  0.49500000E+00  0.91818816E-44 -0.72374011E+01
  0.50000000E+00  0.91854602E-44 -0.73124921E+01
  0.50500000E+00  0.91890749E-44 -0.73876444E+01
  0.51000000E+00  0.91927258E-44 -0.74628586E+01
  0.51500000E+00  0.91964128E-44 -0.75381355E+01
  0.52000000E+00  0.92001361E-44 -0.76134756E+01
  0.52500000E+00  0.92038956E-44 -0.76888797E+01
  0.53000000E+00  0.92076913E-44 -0.77643484E+01
  0.53500000E+00  0.92115232E-44 -0.78398825E+01
  0.54000000E+00  0.92153913E-44 -0.79154825E+01
  0.54500000E+00  0.92192957E-44 -0.79911493E+01
  0.55000000E+00  0.92232371E-44 -0.80668834E+01
  0.55500000E+00  0.92272209E-44 -0.81426856E+01
  0.56000000E+00  0.92312945E-44 -0.82185565E+01
  0.56500000E+00  0.92358554E-44 -0.82944968E+01
  0.57000000E+00  0.92441751E-44 -0.83705073E+01
  0.57500000E+00  0.92826206E-44 -0.84465885E+01
  0.58000000E+00  0.95592859E-44 -0.85227411E+01
  0.58500000E+00  0.11682289E-43 -0.85989659E+01
  0.59000000E+00  0.27819434E-43 -0.86752635E+01
  0.59500000E+00  0.14811022E-42 -0.87516347E+01
  0.60000000E+00  0.10262825E-41 -0.88280800E+01
  0.60500000E+00  0.73034872E-41 -0.89046002E+01
  0.61000000E+00  0.51232475E-40 -0.89811959E+01
  0.61500000E+00  0.35218605E-39 -0.90578678E+01
  0.62000000E+00  0.23704351E-38 -0.91346167E+01
  0.62500000E+00  0.15618050E-37 -0.92114431E+01
  0.63000000E+00  0.10072127E-36 -0.92883477E+01
  0.63500000E+00  0.63572155E-36 -0.93653313E+01
  0.64000000E+00  0.39266044E-35 -0.94423945E+01
  0.64500000E+00  0.23731296E-34 -0.95195379E+01
  0.65000000E+00  0.14032193E-33 -0.95967622E+01
  0.65500000E+00  0.81165387E-33 -0.96740680E+01
  0.66000000E+00  0.45919196E-32 -0.97514561E+01
  0.66500000E+00  0.25405495E-31 -0.98289270E+01
  0.67000000E+00  0.13743506E-30 -0.99064815E+01
  0.67500000E+00  0.72681603E-30 -0.99841201E+01
  0.68000000E+00  0.37568398E-29 -0.10061843E+02
  0.68500000E+00  0.18975754E-28 -0.10139652E+02
  0.69000000E+00  0.93638123E-28 -0.10217547E+02
  0.69500000E+00  0.45130879E-27 -0.10295528E+02
  0.70000000E+00  0.21239411E-26 -0.10373597E+02
  0.70500000E+00  0.97572510E-26 -0.10451754E+02
  0.71000000E+00  0.43740567E-25 -0.10529999E+02
  0.71500000E+00  0.19127297E-24 -0.10608332E+02
  0.72000000E+00  0.81556278E-24 -0.10686756E+02
  0.72500000E+00  0.33891970E-23 -0.10765270E+02
  0.73000000E+00  0.13719776E-22 -0.10843874E+02
  0.73500000E+00  0.54069406E-22 -0.10922569E+02
  0.74000000E+00  0.20730737E-21 -0.11001356E+02
  0.74500000E+00  0.77266424E-21 -0.11080235E+02
  0.75000000E+00  0.27968540E-20 -0.11159207E+02
  0.75500000E+00  0.98210191E-20 -0.11238272E+02
  0.76000000E+00  0.33407252E-19 -0.11317431E+02
  0.76500000E+00  0.10988827E-18 -0.11396683E+02
  0.77000000E+00  0.34872688E-18 -0.11476030E+02
  0.77500000E+00  0.10643682E-17 -0.11555471E+02
  0.78000000E+00  0.31107831E-17 -0.11635008E+02
  0.78500000E+00  0.86495543E-17 -0.11714639E+02
  0.79000000E+00  0.22643968E-16 -0.11794367E+02
  0.79500000E+00  0.54801050E-16 -0.11874190E+02
  0.80000000E+00  0.11808611E-15 -0.11954108E+02
  0.80500000E+00  0.20501494E-15 -0.12034124E+02
  0.81000000E+00  0.17090358E-15 -0.12114235E+02
  0.81500000E+00 -0.70968864E-15 -0.12194442E+02
  0.82000000E+00 -0.52179862E-14 -0.12274746E+02
  0.82500000E+00 -0.22674315E-13 -0.12355146E+02
  0.83000000E+00 -0.81640122E-13 -0.12435641E+02
  0.83500000E+00 -0.26380126E-12 -0.12516233E+02
  0.84000000E+00 -0.78950741E-12 -0.12596920E+02
  0.84500000E+00 -0.22225321E-11 -0.12677702E+02
  0.85000000E+00 -0.59344033E-11 -0.12758579E+02
  0.85500000E+00 -0.15097643E-10 -0.12839550E+02
  0.86000000E+00 -0.36670885E-10 -0.12920614E+02
  0.86500000E+00 -0.85033512E-10 -0.13001771E+02
  0.87000000E+00 -0.18781483E-09 -0.13083020E+02
  0.87500000E+00 -0.39305353E-09 -0.13164360E+02
  0.88000000E+00 -0.77143830E-09 -0.13245788E+02
  0.88500000E+00 -0.13914753E-08 -0.13327305E+02
  0.89000000E+00 -0.22041378E-08 -0.13408909E+02
  0.89500000E+00 -0.26749450E-08 -0.13490597E+02
  0.90000000E+00 -0.78012650E-09 -0.13572367E+02
  0.90500000E+00  0.94874119E-08 -0.13654218E+02
  0.91000000E+00  0.43904753E-07 -0.13736147E+02
  0.91500000E+00  0.14067381E-06 -0.13818150E+02
  0.92000000E+00  0.38645537E-06 -0.13900225E+02
  0.92500000E+00  0.96605146E-06 -0.13982368E+02
  0.93000000E+00  0.22474998E-05 -0.14064575E+02
  0.93500000E+00  0.49029389E-05 -0.14146840E+02
  0.94000000E+00  0.10015063E-04 -0.14229160E+02
  0.94500000E+00  0.18981524E-04 -0.14311528E+02
  0.95000000E+00  0.32754635E-04 -0.14393938E+02
  0.95500000E+00  0.49584996E-04 -0.14476382E+02
  0.96000000E+00  0.60360577E-04 -0.14558852E+02
  0.96500000E+00  0.41942990E-04 -0.14641339E+02
  0.97000000E+00 -0.46565487E-04 -0.14723832E+02
  0.97500000E+00 -0.25104566E-03 -0.14806320E+02
  0.98000000E+00 -0.57221157E-03 -0.14888788E+02
  0.98500000E+00 -0.87104517E-03 -0.14971222E+02
  0.99000000E+00 -0.78784055E-03 -0.15053605E+02
  0.99500000E+00  0.15477474E-03 -0.15135918E+02
  0.10000000E+01  0.20609183E-02 -0.15218140E+02
  0.10050000E+01  0.38968630E-02 -0.15300246E+02
  0.10100000E+01  0.34167013E-02 -0.15382212E+02
  0.10150000E+01 -0.91192821E-03 -0.15464009E+02
  0.10200000E+01 -0.69848890E-02 -0.15545592E+02
  0.10250000E+01 -0.82053342E-02 -0.15626862E+02
  0.10300000E+01  0.11297124E-01 -0.15707215E+02
  0.10350000E+01  0.18514759E-01 -0.15786011E+02
  0.10400000E+01  0.12887748E-01 -0.15866438E+02
  0.10450000E+01  0.16662141E-02 -0.15948271E+02
  0.10500000E+01 -0.13061618E-01 -0.16031499E+02
  0.10550000E+01 -0.31897380E-01 -0.16116060E+02
  0.10600000E+01 -0.54265895E-01 -0.16201865E+02
  0.10650000E+01 -0.77630893E-01 -0.16288821E+02
  0.10700000E+01 -0.95749482E-01 -0.16376911E+02
  0.10750000E+01 -0.11578164E+00 -0.16467476E+02
  0.10800000E+01 -0.14792214E+00 -0.16559349E+02
  0.10850000E+01 -0.16917882E+00 -0.16653840E+02
  0.10900000E+01 -0.18750521E+00 -0.16748791E+02
  0.10950000E+01 -0.20416557E+00 -0.16844463E+02
  0.11000000E+01 -0.21913845E+00 -0.16940822E+02
  0.11050000E+01 -0.23240716E+00 -0.17037814E+02
  0.11100000E+01 -0.24593836E+00 -0.17135387E+02
  0.11150000E+01 -0.25915122E+00 -0.17233498E+02
  0.11200000E+01 -0.27233542E+00 -0.17332113E+02
  0.11250000E+01 -0.28596992E+00 -0.17431210E+02
  0.11300000E+01 -0.29986104E+00 -0.17530771E+02
  0.11350000E+01 -0.31351362E+00 -0.17630782E+02
  0.11400000E+01 -0.32639566E+00 -0.17731230E+02
  0.11450000E+01 -0.33806038E+00 -0.17832095E+02
  0.11500000E+01 -0.34825037E+00 -0.17933359E+02
  0.11550000E+01 -0.35694293E+00 -0.18034997E+02
  0.11600000E+01 -0.36435161E+00 -0.18136995E+02
  0.11650000E+01 -0.37088974E+00 -0.18239350E+02
  0.11700000E+01 -0.37708873E+00 -0.18342068E+02
  0.11750000E+01 -0.38349049E+00 -0.18445160E+02
  0.11800000E+01 -0.39054460E+00 -0.18548632E+02
  0.11850000E+01 -0.39853175E+00 -0.18652486E+02
  0.11900000E+01 -0.40752529E+00 -0.18756724E+02
  0.11950000E+01 -0.41739050E+00 -0.18861345E+02
  0.12000000E+01 -0.42780891E+00 -0.18966343E+02
  0.12050000E+01 -0.43831444E+00 -0.19071702E+02
  0.12100000E+01 -0.44834014E+00 -0.19177391E+02
  0.12150000E+01 -0.45728623E+00 -0.19283369E+02
  0.12200000E+01 -0.46461802E+00 -0.19389601E+02
  0.12250000E+01 -0.46998442E+00 -0.19496054E+02
  0.12300000E+01 -0.47332581E+00 -0.19602699E+02
  0.12350000E+01 -0.47493031E+00 -0.19709504E+02
  0.12400000E+01 -0.47540631E+00 -0.19816443E+02
  0.12450000E+01 -0.47556588E+00 -0.19923506E+02
  0.12500000E+01 -0.47624495E+00 -0.20030721E+02
  0.12550000E+01 -0.47810941E+00 -0.20138152E+02
  0.12600000E+01 -0.48150176E+00 -0.20245882E+02
  0.12650000E+01 -0.48637053E+00 -0.20353981E+02
  0.12700000E+01 -0.49229820E+00 -0.20462494E+02
  0.12750000E+01 -0.49861559E+00 -0.20571447E+02
  0.12800000E+01 -0.50456756E+00 -0.20680865E+02
  0.12850000E+01 -0.50948479E+00 -0.20790788E+02
  0.12900000E+01 -0.51291921E+00 -0.20901265E+02
  0.12950000E+01 -0.51471386E+00 -0.21012328E+02
  0.13000000E+01 -0.51499732E+00 -0.21123971E+02
  0.13050000E+01 -0.51411258E+00 -0.21236152E+02
  0.13100000E+01 -0.51250555E+00 -0.21348825E+02
  0.13150000E+01 -0.51060632E+00 -0.21461966E+02
  0.13200000E+01 -0.50873462E+00 -0.21575591E+02
  0.13250000E+01 -0.50705047E+00 -0.21689728E+02
  0.13300000E+01 -0.50555597E+00 -0.21804389E+02
  0.13350000E+01 -0.50413792E+00 -0.21919560E+02
  0.13400000E+01 -0.50263033E+00 -0.22035197E+02
  0.13450000E+01 -0.50087307E+00 -0.22151255E+02
  0.13500000E+01 -0.49874899E+00 -0.22267718E+02
  0.13550000E+01 -0.49619290E+00 -0.22384603E+02
  0.13600000E+01 -0.49317792E+00 -0.22501945E+02
  0.13650000E+01 -0.48969253E+00 -0.22619760E+02
  0.13700000E+01 -0.48572243E+00 -0.22738028E+02
  0.13750000E+01 -0.48124634E+00 -0.22856710E+02
  0.13800000E+01 -0.47624603E+00 -0.22975780E+02
  0.13850000E+01 -0.47072268E+00 -0.23095241E+02
  0.13900000E+01 -0.46470826E+00 -0.23215117E+02
  0.13950000E+01 -0.45826237E+00 -0.23335429E+02
  0.14000000E+01 -0.45145254E+00 -0.23456176E+02
  0.14050000E+01 -0.44432537E+00 -0.23577335E+02
  0.14100000E+01 -0.43688219E+00 -0.23698873E+02
  0.14150000E+01 -0.42907324E+00 -0.23820766E+02
  0.14200000E+01 -0.42081658E+00 -0.23943025E+02
  0.14250000E+01 -0.41203530E+00 -0.24065691E+02
  0.14300000E+01 -0.40269543E+00 -0.24188812E+02
  0.14350000E+01 -0.39282359E+00 -0.24312393E+02
  0.14400000E+01 -0.38249220E+00 -0.24436379E+02
  0.14450000E+01 -0.37177713E+00 -0.24560693E+02
  0.14500000E+01 -0.36070979E+00 -0.24685293E+02
  0.14550000E+01 -0.34925207E+00 -0.24810209E+02
  0.14600000E+01 -0.33731235E+00 -0.24935522E+02
  0.14650000E+01 -0.32479771E+00 -0.25061306E+02
  0.14700000E+01 -0.31167368E+00 -0.25187583E+02
  0.14750000E+01 -0.29799355E+00 -0.25314298E+02
  0.14800000E+01 -0.28387326E+00 -0.25441353E+02
  0.14850000E+01 -0.26941909E+00 -0.25568658E+02
  0.14900000E+01 -0.25464802E+00 -0.25696188E+02
  0.14950000E+01 -0.23945218E+00 -0.25824012E+02
  0.15000000E+01 -0.22363948E+00 -0.25952267E+02
  0.15050000E+01 -0.20703900E+00 -0.26081063E+02
  0.15100000E+01 -0.18961551E+00 -0.26210406E+02
  0.15150000E+01 -0.17152180E+00 -0.26340174E+02
  0.15200000E+01 -0.15304343E+00 -0.26470191E+02
  0.15250000E+01 -0.13445013E+00 -0.26600339E+02
  0.15300000E+01 -0.11582812E+00 -0.26730638E+02
  0.15350000E+01 -0.96991353E-01 -0.26861237E+02
  0.15400000E+01 -0.77538094E-01 -0.26992333E+02
  0.15450000E+01 -0.57041803E-01 -0.27124052E+02
  0.15500000E+01 -0.35284986E-01 -0.27256370E+02
  0.15550000E+01 -0.12407044E-01 -0.27389100E+02
  0.15600000E+01  0.11128868E-01 -0.27521999E+02
  0.15650000E+01  0.34752136E-01 -0.27654910E+02
  0.15700000E+01  0.58082311E-01 -0.27787873E+02
  0.15750000E+01  0.81150611E-01 -0.27921118E+02
  0.15800000E+01  0.10441692E+00 -0.28054923E+02
  0.15850000E+01  0.12855802E+00 -0.28189445E+02
  0.15900000E+01  0.15412785E+00 -0.28324623E+02
  0.15950000E+01  0.18126742E+00 -0.28460208E+02
  0.16000000E+01  0.20962290E+00 -0.28595906E+02
  0.16050000E+01  0.23852320E+00 -0.28731538E+02
  0.16100000E+01  0.26732715E+00 -0.28867151E+02
  0.16150000E+01  0.29575575E+00 -0.29002999E+02
  0.16200000E+01  0.32403021E+00 -0.29139414E+02
  0.16250000E+01  0.35274199E+00 -0.29276604E+02
  0.16300000E+01  0.38252883E+00 -0.29414519E+02
  0.16350000E+01  0.41373788E+00 -0.29552867E+02
  0.16400000E+01  0.44626216E+00 -0.29691284E+02
  0.16450000E+01  0.47963564E+00 -0.29829562E+02
  0.16500000E+01  0.51332402E+00 -0.29967773E+02
  0.16550000E+01  0.54703678E+00 -0.30106232E+02
  0.16600000E+01  0.58087770E+00 -0.30245303E+02
  0.16650000E+01  0.61524998E+00 -0.30385190E+02
  0.16700000E+01  0.65058000E+00 -0.30525813E+02
  0.16750000E+01  0.68703360E+00 -0.30666849E+02
  0.16800000E+01  0.72440331E+00 -0.30807920E+02
  0.16850000E+01  0.76224135E+00 -0.30948825E+02
  0.16900000E+01  0.80016138E+00 -0.31089665E+02
  0.16950000E+01  0.83812384E+00 -0.31230791E+02
  0.17000000E+01  0.87652164E+00 -0.31372598E+02
  0.17050000E+01  0.91599759E+00 -0.31515291E+02
  0.17100000E+01  0.95708617E+00 -0.31658770E+02
  0.17150000E+01  0.99988484E+00 -0.31802675E+02
  0.17200000E+01  0.10439535E+01 -0.31946604E+02
  0.17250000E+01  0.10885155E+01 -0.32090348E+02
  0.17300000E+01  0.11328587E+01 -0.32234037E+02
  0.17350000E+01  0.11767146E+01 -0.32378070E+02
  0.17400000E+01  0.12203978E+01 -0.32522887E+02
  0.17450000E+01  0.12646205E+01 -0.32668703E+02
  0.17500000E+01  0.13100839E+01 -0.32815387E+02
  0.17550000E+01  0.13570798E+01 -0.32962537E+02
  0.17600000E+01  0.14053348E+01 -0.33109724E+02
  0.17650000E+01  0.14541927E+01 -0.33256736E+02
  0.17700000E+01  0.15030375E+01 -0.33403695E+02
  0.17750000E+01  0.15517108E+01 -0.33550989E+02
  0.17800000E+01  0.16006775E+01 -0.33699040E+02
  0.17850000E+01  0.16508263E+01 -0.33848051E+02
  0.17900000E+01  0.17030021E+01 -0.33997874E+02
  0.17950000E+01  0.17575226E+01 -0.34148088E+02
  0.18000000E+01  0.18139519E+01 -0.34298256E+02
  0.18050000E+01  0.18712684E+01 -0.34448180E+02
  0.18100000E+01  0.19283512E+01 -0.34598007E+02
  0.18150000E+01  0.19845316E+01 -0.34748137E+02
  0.18200000E+01  0.20399171E+01 -0.34898990E+02
  0.18250000E+01  0.20953148E+01 -0.35050781E+02
  0.18300000E+01  0.21517959E+01 -0.35203416E+02
  0.18350000E+01  0.22101329E+01 -0.35356564E+02
  0.18400000E+01  0.22704116E+01 -0.35509863E+02
  0.18450000E+01  0.23320202E+01 -0.35663121E+02
  0.18500000E+01  0.23940163E+01 -0.35816420E+02
  0.18550000E+01  0.24556722E+01 -0.35970056E+02
  0.18600000E+01  0.25169035E+01 -0.36124360E+02
  0.18650000E+01  0.25783524E+01 -0.36279510E+02
  0.18700000E+01  0.26410797E+01 -0.36435427E+02
  0.18750000E+01  0.27060254E+01 -0.36591823E+02
  0.18800000E+01  0.27735164E+01 -0.36748367E+02
  0.18850000E+01  0.28430743E+01 -0.36904846E+02
  0.18900000E+01  0.29136192E+01 -0.37061237E+02
  0.18950000E+01  0.29839699E+01 -0.37217680E+02
  0.19000000E+01  0.30533923E+01 -0.37374369E+02
  0.19050000E+01  0.31219339E+01 -0.37531444E+02
  0.19100000E+01  0.31903915E+01 -0.37688921E+02
  0.19150000E+01  0.32599402E+01 -0.37846690E+02
  0.19200000E+01  0.33316086E+01 -0.38004579E+02
  0.19250000E+01  0.34058457E+01 -0.38162439E+02
  0.19300000E+01  0.34823673E+01 -0.38320201E+02
  0.19350000E+01  0.35603293E+01 -0.38477906E+02
  0.19400000E+01  0.36387239E+01 -0.38635688E+02
  0.19450000E+01  0.37168069E+01 -0.38793716E+02
  0.19500000E+01  0.37943689E+01 -0.38952135E+02
  0.19550000E+01  0.38717540E+01 -0.39111021E+02
  0.19600000E+01  0.39496500E+01 -0.39270381E+02
  0.19650000E+01  0.40287521E+01 -0.39430175E+02
  0.19700000E+01  0.41093999E+01 -0.39590385E+02
  0.19750000E+01  0.41913546E+01 -0.39751084E+02
  0.19800000E+01  0.42745889E+01 -0.39912476E+02
  0.19850000E+01  0.43619292E+01 -0.40074856E+02
  0.19900000E+01  0.44483465E+01 -0.40238398E+02
  0.19950000E+01  0.45456834E+01 -0.40399020E+02
  0.20000000E+01  0.46628922E+01 -0.40551366E+02
  0.20050000E+01  0.47641101E+01 -0.40704382E+02
  0.20100000E+01  0.48614906E+01 -0.40858193E+02
  0.20150000E+01  0.49573509E+01 -0.41012817E+02
  0.20200000E+01  0.50524979E+01 -0.41168361E+02
  0.20250000E+01  0.51471546E+01 -0.41324936E+02
  0.20300000E+01  0.52411687E+01 -0.41482567E+02
  0.20350000E+01  0.53344198E+01 -0.41641153E+02
  0.20400000E+01  0.54269736E+01 -0.41800528E+02
  0.20450000E+01  0.55192461E+01 -0.41960583E+02
  0.20500000E+01  0.56119259E+01 -0.42121365E+02
  0.20550000E+01  0.57057706E+01 -0.42283049E+02
  0.20600000E+01  0.58013199E+01 -0.42445818E+02
  0.20650000E+01  0.58986636E+01 -0.42609706E+02
  0.20700000E+01  0.59973974E+01 -0.42774519E+02
  0.20750000E+01  0.60968013E+01 -0.42939923E+02
  0.20800000E+01  0.61961824E+01 -0.43105645E+02
  0.20850000E+01  0.62952268E+01 -0.43271640E+02
  0.20900000E+01  0.63941904E+01 -0.43438107E+02
  0.20950000E+01  0.64938265E+01 -0.43605317E+02
  0.21000000E+01  0.65950851E+01 -0.43773339E+02
  0.21050000E+01  0.66987585E+01 -0.43941855E+02
  0.21100000E+01  0.68053654E+01 -0.44110209E+02
  0.21150000E+01  0.69153357E+01 -0.44277613E+02
  0.21200000E+01  0.70276461E+01 -0.44443371E+02
  0.21250000E+01  0.71321456E+01 -0.44606976E+02
  0.21300000E+01  0.72289531E+01 -0.44768313E+02
  0.21350000E+01  0.74000239E+01 -0.44932621E+02
  0.21400000E+01  0.72796298E+01 -0.45150344E+02
  0.21450000E+01  0.73077448E+01 -0.45374217E+02
  0.21500000E+01  0.73745956E+01 -0.45597229E+02
  0.21550000E+01  0.74652446E+01 -0.45819142E+02
  0.21600000E+01  0.75708484E+01 -0.46040003E+02
  0.21650000E+01  0.76889683E+01 -0.46260045E+02
  0.21700000E+01  0.78164066E+01 -0.46479442E+02
  0.21750000E+01  0.79521168E+01 -0.46698129E+02
  0.21800000E+01  0.80953428E+01 -0.46915855E+02
  0.21850000E+01  0.82461600E+01 -0.47132361E+02
  0.21900000E+01  0.84046581E+01 -0.47347545E+02
  0.21950000E+01  0.85708309E+01 -0.47561464E+02
  0.22000000E+01  0.87444916E+01 -0.47774131E+02
  0.22050000E+01  0.89252957E+01 -0.47985374E+02
  0.22100000E+01  0.91128035E+01 -0.48194827E+02
  0.22150000E+01  0.93065607E+01 -0.48402153E+02
  0.22200000E+01  0.95062590E+01 -0.48607232E+02
  0.22250000E+01  0.97119239E+01 -0.48810169E+02
  0.22300000E+01  0.99239478E+01 -0.49011064E+02
  0.22350000E+01  0.10142828E+02 -0.49209728E+02
  0.22400000E+01  0.10368748E+02 -0.49405624E+02
  0.22450000E+01  0.10601390E+02 -0.49598096E+02
  0.22500000E+01  0.10840183E+02 -0.49786725E+02
  0.22550000E+01  0.11084763E+02 -0.49971474E+02
  0.22600000E+01  0.11335200E+02 -0.50152491E+02
  0.22650000E+01  0.11591829E+02 -0.50329719E+02
  0.22700000E+01  0.11854952E+02 -0.50502713E+02
  0.22750000E+01  0.12124750E+02 -0.50670787E+02
  0.22800000E+01  0.12401424E+02 -0.50833344E+02
  0.22850000E+01  0.12685199E+02 -0.50990092E+02
  0.22900000E+01  0.12975973E+02 -0.51140969E+02
  0.22950000E+01  0.13272971E+02 -0.51285884E+02
  0.23000000E+01  0.13575129E+02 -0.51424497E+02
  0.23050000E+01  0.13881979E+02 -0.51556269E+02
  0.23100000E+01  0.14193827E+02 -0.51680718E+02
  0.23150000E+01  0.14510801E+02 -0.51797596E+02
  0.23200000E+01  0.14832401E+02 -0.51906800E+02
  0.23250000E+01  0.15158723E+02 -0.52008090E+02
  0.23300000E+01  0.15491008E+02 -0.52100922E+02
  0.23350000E+01  0.15829707E+02 -0.52184558E+02
  0.23400000E+01  0.16173447E+02 -0.52258242E+02
  0.23450000E+01  0.16519738E+02 -0.52321137E+02
  0.23500000E+01  0.16863184E+02 -0.52371827E+02
  0.23550000E+01  0.17208920E+02 -0.52408745E+02
  0.23600000E+01  0.17651370E+02 -0.52441087E+02
  0.23650000E+01  0.17610653E+02 -0.52566681E+02
  0.23700000E+01  0.17814491E+02 -0.52700556E+02
  0.23750000E+01  0.18077763E+02 -0.52832722E+02
  0.23800000E+01  0.18382980E+02 -0.52963280E+02
  0.23850000E+01  0.18723241E+02 -0.53091643E+02
  0.23900000E+01  0.19101426E+02 -0.53216624E+02
  0.23950000E+01  0.19525436E+02 -0.53335915E+02
  0.24000000E+01  0.20013012E+02 -0.53444865E+02
  0.24050000E+01  0.20596610E+02 -0.53534074E+02
  0.24100000E+01  0.21299743E+02 -0.53581063E+02
  0.24150000E+01  0.22209790E+02 -0.53514885E+02
  0.24200000E+01  0.23800683E+02 -0.52979361E+02
  0.24250000E+01  0.24630552E+02 -0.52225286E+02
  0.24300000E+01  0.23523252E+02 -0.51981441E+02
  0.24350000E+01  0.23211797E+02 -0.52247073E+02
  0.24400000E+01  0.23563205E+02 -0.52367982E+02
  0.24450000E+01  0.23968891E+02 -0.52474301E+02
  0.24500000E+01  0.24417010E+02 -0.52571876E+02
  0.24550000E+01  0.25321845E+02 -0.52614236E+02
  0.24600000E+01  0.26352277E+02 -0.52379384E+02
  0.24650000E+01  0.26276031E+02 -0.52169360E+02
  0.24700000E+01  0.27178841E+02 -0.52004936E+02
  0.24750000E+01  0.29657785E+02 -0.51022062E+02
  0.24800000E+01  0.30740454E+02 -0.49713620E+02
  0.24850000E+01  0.29383651E+02 -0.49095350E+02
  0.24900000E+01  0.28752788E+02 -0.48702403E+02
  0.24950000E+01  0.28304957E+02 -0.48424098E+02
  0.25000000E+01  0.27089488E+02 -0.48069452E+02
  0.25050000E+01  0.28229342E+02 -0.48044925E+02
  0.25100000E+01  0.28827174E+02 -0.47493701E+02
  0.25150000E+01  0.28414892E+02 -0.46899226E+02
  0.25200000E+01  0.26795473E+02 -0.46664128E+02
  0.25250000E+01  0.23371783E+02 -0.47513769E+02
  0.25300000E+01  0.21273443E+02 -0.49422096E+02
  0.25350000E+01  0.22111892E+02 -0.50832360E+02
  0.25400000E+01  0.23515770E+02 -0.51596339E+02
  0.25450000E+01  0.24965900E+02 -0.51947497E+02
  0.25500000E+01  0.26509096E+02 -0.51928122E+02
  0.25550000E+01  0.27166863E+02 -0.51766851E+02
  0.25600000E+01  0.26135122E+02 -0.51787918E+02
  0.25650000E+01  0.27794187E+02 -0.51616766E+02
  0.25700000E+01  0.27885658E+02 -0.51508259E+02
  0.25750000E+01  0.27957284E+02 -0.51421650E+02
  0.25800000E+01  0.28126215E+02 -0.51363690E+02
  0.25850000E+01  0.28311467E+02 -0.51326676E+02
  0.25900000E+01  0.28472834E+02 -0.51305223E+02
  0.25950000E+01  0.28639684E+02 -0.51295465E+02
  0.26000000E+01  0.28815165E+02 -0.51294625E+02
  0.26050000E+01  0.28994121E+02 -0.51300695E+02
  0.26100000E+01  0.29176647E+02 -0.51312180E+02
  0.26150000E+01  0.29362183E+02 -0.51327927E+02
  0.26200000E+01  0.29551272E+02 -0.51347067E+02
  0.26250000E+01  0.29745416E+02 -0.51368918E+02
  0.26300000E+01  0.29944578E+02 -0.51392905E+02
  0.26350000E+01  0.30148224E+02 -0.51418514E+02
  0.26400000E+01  0.30356578E+02 -0.51445295E+02
  0.26450000E+01  0.30570411E+02 -0.51472835E+02
  0.26500000E+01  0.30790439E+02 -0.51500743E+02
  0.26550000E+01  0.31017145E+02 -0.51528655E+02
  0.26600000E+01  0.31250935E+02 -0.51556234E+02
  0.26650000E+01  0.31492316E+02 -0.51583168E+02
  0.26700000E+01  0.31741963E+02 -0.51609141E+02
  0.26750000E+01  0.32000689E+02 -0.51633809E+02
  0.26800000E+01  0.32269415E+02 -0.51656771E+02
  0.26850000E+01  0.32549146E+02 -0.51677557E+02
  0.26900000E+01  0.32841015E+02 -0.51695601E+02
  0.26950000E+01  0.33146432E+02 -0.51710205E+02
  0.27000000E+01  0.33467387E+02 -0.51720449E+02
  0.27050000E+01  0.33806833E+02 -0.51725026E+02
  0.27100000E+01  0.34169314E+02 -0.51721902E+02
  0.27150000E+01  0.34564782E+02 -0.51707498E+02
  0.27200000E+01  0.35008941E+02 -0.51674134E+02
  0.27250000E+01  0.35575459E+02 -0.51592381E+02
  0.27300000E+01  0.36069401E+02 -0.51450174E+02
  0.27350000E+01  0.36591022E+02 -0.51298057E+02
  0.27400000E+01  0.37170048E+02 -0.51093126E+02
  0.27450000E+01  0.38386420E+02 -0.50690054E+02
  0.27500000E+01  0.38598647E+02 -0.50133673E+02
  0.27550000E+01  0.38640921E+02 -0.49760829E+02
  0.27600000E+01  0.38683467E+02 -0.49457372E+02
  0.27650000E+01  0.38723902E+02 -0.49195091E+02
  0.27700000E+01  0.38764272E+02 -0.48961363E+02
  0.27750000E+01  0.38806527E+02 -0.48749133E+02
  0.27800000E+01  0.38848815E+02 -0.48553973E+02
  0.27850000E+01  0.38893071E+02 -0.48372862E+02
  0.27900000E+01  0.38937637E+02 -0.48203543E+02
  0.27950000E+01  0.38989383E+02 -0.48043199E+02
  0.28000000E+01  0.39048840E+02 -0.47888813E+02
  0.28050000E+01  0.39107946E+02 -0.47741166E+02
  0.28100000E+01  0.39168843E+02 -0.47599271E+02
  0.28150000E+01  0.39231504E+02 -0.47462204E+02
  0.28200000E+01  0.39295427E+02 -0.47329210E+02
  0.28250000E+01  0.39359897E+02 -0.47199716E+02
  0.28300000E+01  0.39424368E+02 -0.47073346E+02
  0.28350000E+01  0.39487557E+02 -0.46949813E+02
  0.28400000E+01  0.39551887E+02 -0.46828960E+02
  0.28450000E+01  0.39595802E+02 -0.46715316E+02
  0.28500000E+01  0.39655649E+02 -0.46604063E+02
  0.28550000E+01  0.39719851E+02 -0.46493546E+02
  0.28600000E+01  0.39787692E+02 -0.46383168E+02
  0.28650000E+01  0.39858400E+02 -0.46272239E+02
  0.28700000E+01  0.39930657E+02 -0.46160080E+02
  0.28750000E+01  0.40005074E+02 -0.46045970E+02
  0.28800000E+01  0.40077310E+02 -0.45929201E+02
  0.28850000E+01  0.40134263E+02 -0.45818779E+02
  0.28900000E+01  0.40173619E+02 -0.45726127E+02
  0.28950000E+01  0.40266288E+02 -0.45629295E+02
  0.29000000E+01  0.40392819E+02 -0.45521056E+02
  0.29050000E+01  0.40525443E+02 -0.45396512E+02
  0.29100000E+01  0.40643931E+02 -0.45257467E+02
  0.29150000E+01  0.40740532E+02 -0.45109873E+02
  0.29200000E+01  0.40817311E+02 -0.44959070E+02
  0.29250000E+01  0.40879113E+02 -0.44808350E+02
  0.29300000E+01  0.40929250E+02 -0.44659444E+02
  0.29350000E+01  0.40970262E+02 -0.44513132E+02
  0.29400000E+01  0.41004013E+02 -0.44369682E+02
  0.29450000E+01  0.41031810E+02 -0.44229116E+02
  0.29500000E+01  0.41054660E+02 -0.44091324E+02
  0.29550000E+01  0.41073159E+02 -0.43956179E+02
  0.29600000E+01  0.41087583E+02 -0.43823585E+02
  0.29650000E+01  0.41097940E+02 -0.43693492E+02
  0.29700000E+01  0.41104090E+02 -0.43565890E+02
  0.29750000E+01  0.41105888E+02 -0.43440839E+02
  0.29800000E+01  0.41103165E+02 -0.43318483E+02
  0.29850000E+01  0.41095753E+02 -0.43199027E+02
  0.29900000E+01  0.41083475E+02 -0.43082728E+02
  0.29950000E+01  0.41066188E+02 -0.42969818E+02
  0.30000000E+01  0.41043791E+02 -0.42860536E+02
  0.30050000E+01  0.41016401E+02 -0.42755023E+02
  0.30100000E+01  0.40983719E+02 -0.42653276E+02
  0.30150000E+01  0.40945929E+02 -0.42555079E+02
  0.30200000E+01  0.40903362E+02 -0.42459681E+02
  0.30250000E+01  0.40866693E+02 -0.42359680E+02
  0.30300000E+01  0.40720005E+02 -0.42281803E+02
  0.30350000E+01  0.40646838E+02 -0.42229544E+02
  0.30400000E+01  0.40580120E+02 -0.42188269E+02
  0.30450000E+01  0.40520002E+02 -0.42155484E+02
  0.30500000E+01  0.40465533E+02 -0.42130685E+02
  0.30550000E+01  0.40415925E+02 -0.42114143E+02
  0.30600000E+01  0.40370346E+02 -0.42106643E+02
  0.30650000E+01  0.40327169E+02 -0.42109406E+02
  0.30700000E+01  0.40283653E+02 -0.42124164E+02
  0.30750000E+01  0.40237882E+02 -0.42153370E+02
  0.30800000E+01  0.40200682E+02 -0.42200469E+02
  0.30850000E+01  0.40212078E+02 -0.42269615E+02
  0.30900000E+01  0.40019559E+02 -0.42356955E+02
  0.30950000E+01  0.40677650E+02 -0.42297995E+02
  0.31000000E+01  0.41060379E+02 -0.42159389E+02
  0.31050000E+01  0.41325451E+02 -0.42021699E+02
  0.31100000E+01  0.41534936E+02 -0.41884707E+02
  0.31150000E+01  0.41711866E+02 -0.41748061E+02
  0.31200000E+01  0.41851221E+02 -0.41610854E+02
  0.31250000E+01  0.42026456E+02 -0.41467638E+02
  0.31300000E+01  0.42181744E+02 -0.41319747E+02
  0.31350000E+01  0.42317897E+02 -0.41169830E+02
  0.31400000E+01  0.42441803E+02 -0.41018010E+02
  0.31450000E+01  0.42557669E+02 -0.40863896E+02
  0.31500000E+01  0.42667893E+02 -0.40707082E+02
  0.31550000E+01  0.42775241E+02 -0.40547029E+02
  0.31600000E+01  0.42881287E+02 -0.40383110E+02
  0.31650000E+01  0.42987218E+02 -0.40214548E+02
  0.31700000E+01  0.43093066E+02 -0.40040419E+02
  0.31750000E+01  0.43197245E+02 -0.39859661E+02
  0.31800000E+01  0.43296233E+02 -0.39670974E+02
  0.31850000E+01  0.43384277E+02 -0.39473029E+02
  0.31900000E+01  0.43453366E+02 -0.39264823E+02
  0.31950000E+01  0.43491788E+02 -0.39046697E+02
  0.32000000E+01  0.43484261E+02 -0.38822954E+02
  0.32050000E+01  0.43441724E+02 -0.38603832E+02
  0.32100000E+01  0.43396146E+02 -0.38388257E+02
  0.32150000E+01  0.43359867E+02 -0.38173334E+02
  0.32200000E+01  0.43327705E+02 -0.37953884E+02
  0.32250000E+01  0.43216336E+02 -0.37676107E+02
  0.32300000E+01  0.42670520E+02 -0.37439889E+02
  0.32350000E+01  0.42365974E+02 -0.37300768E+02
  0.32400000E+01  0.42248942E+02 -0.37225890E+02
  0.32450000E+01  0.42190261E+02 -0.37213317E+02
  0.32500000E+01  0.42482174E+02 -0.37214218E+02
  0.32550000E+01  0.42611753E+02 -0.37139187E+02
  0.32600000E+01  0.42760781E+02 -0.37052276E+02
  0.32650000E+01  0.42942507E+02 -0.36957266E+02
  0.32700000E+01  0.43172002E+02 -0.36851376E+02
  0.32750000E+01  0.43466185E+02 -0.36728945E+02
  0.32800000E+01  0.43841433E+02 -0.36581337E+02
  0.32850000E+01  0.44312121E+02 -0.36395585E+02
  0.32900000E+01  0.44896840E+02 -0.36150654E+02
  0.32950000E+01  0.45667295E+02 -0.35808486E+02
  0.33000000E+01  0.46890708E+02 -0.35286476E+02
  0.33050000E+01  0.49821582E+02 -0.34268113E+02
  0.33100000E+01  0.53441807E+02 -0.31602833E+02
  0.33150000E+01  0.51371027E+02 -0.27804198E+02
  0.33200000E+01  0.46088806E+02 -0.25624737E+02
  0.33250000E+01  0.42772294E+02 -0.25161253E+02
  0.33300000E+01  0.40440521E+02 -0.25177560E+02
  0.33350000E+01  0.38503860E+02 -0.25355147E+02
  0.33400000E+01  0.36164377E+02 -0.25763870E+02
  0.33450000E+01  0.34532721E+02 -0.26334303E+02
  0.33500000E+01  0.32982680E+02 -0.26643965E+02
  0.33550000E+01  0.33844206E+02 -0.27045829E+02
  0.33600000E+01  0.32933066E+02 -0.27494415E+02
  0.33650000E+01  0.32733699E+02 -0.28077972E+02
  0.33700000E+01  0.32488548E+02 -0.28604125E+02
  0.33750000E+01  0.32319236E+02 -0.29039826E+02
  0.33800000E+01  0.32028209E+02 -0.29434585E+02
  0.33850000E+01  0.31741237E+02 -0.29795328E+02
  0.33900000E+01  0.31456026E+02 -0.30150030E+02
  0.33950000E+01  0.31207814E+02 -0.30498926E+02
  0.34000000E+01  0.31010692E+02 -0.30837497E+02
  0.34050000E+01  0.30752392E+02 -0.31172290E+02
  0.34100000E+01  0.30698397E+02 -0.31502221E+02
  0.34150000E+01  0.30670265E+02 -0.31810686E+02
  0.34200000E+01  0.30751494E+02 -0.32100789E+02
  0.34250000E+01  0.30767973E+02 -0.32366116E+02
  0.34300000E+01  0.30814315E+02 -0.32615428E+02
  0.34350000E+01  0.30894837E+02 -0.32836648E+02
  0.34400000E+01  0.31134210E+02 -0.33010986E+02
  0.34450000E+01  0.31435921E+02 -0.33109230E+02
  0.34500000E+01  0.31391854E+02 -0.33178609E+02
  0.34550000E+01  0.31138096E+02 -0.33289977E+02
  0.34600000E+01  0.30813511E+02 -0.33454611E+02
  0.34650000E+01  0.30594727E+02 -0.33658411E+02
  0.34700000E+01  0.30468153E+02 -0.33870869E+02
  0.34750000E+01  0.30364411E+02 -0.34088633E+02
  0.34800000E+01  0.30236967E+02 -0.34311601E+02
  0.34850000E+01  0.30057186E+02 -0.34523672E+02
  0.34900000E+01  0.30505980E+02 -0.34557851E+02
  0.34950000E+01  0.30725556E+02 -0.34552955E+02
  0.35000000E+01  0.30720976E+02 -0.34601446E+02
  0.35050000E+01  0.30680786E+02 -0.34666037E+02
  0.35100000E+01  0.30686032E+02 -0.34733424E+02
  0.35150000E+01  0.30803015E+02 -0.34793500E+02
  0.35200000E+01  0.30778088E+02 -0.34840392E+02
  0.35250000E+01  0.30642555E+02 -0.34922476E+02
  0.35300000E+01  0.30529928E+02 -0.35017478E+02
  0.35350000E+01  0.30419941E+02 -0.35120903E+02
  0.35400000E+01  0.30326024E+02 -0.35229611E+02
  0.35450000E+01  0.30246059E+02 -0.35341264E+02
  0.35500000E+01  0.30180211E+02 -0.35453874E+02
  0.35550000E+01  0.30133425E+02 -0.35565653E+02
  0.35600000E+01  0.30110897E+02 -0.35674943E+02
  0.35650000E+01  0.30123009E+02 -0.35779960E+02
  0.35700000E+01  0.30196030E+02 -0.35877976E+02
  0.35750000E+01  0.30403009E+02 -0.35961716E+02
  0.35800000E+01  0.31059097E+02 -0.35941212E+02
  0.35850000E+01  0.32449626E+02 -0.35342198E+02
  0.35900000E+01  0.28187759E+02 -0.34226046E+02
  0.35950000E+01  0.28982052E+02 -0.34654889E+02
  0.36000000E+01  0.29815862E+02 -0.33251358E+02
  0.36050000E+01  0.21146968E+02 -0.32719264E+02
  0.36100000E+01  0.17708004E+02 -0.35239768E+02
  0.36150000E+01  0.20332491E+02 -0.39071989E+02
  0.36200000E+01  0.25130252E+02 -0.40441680E+02
  0.36250000E+01  0.25920780E+02 -0.40958300E+02
  0.36300000E+01  0.26724053E+02 -0.41543900E+02
  0.36350000E+01  0.27980505E+02 -0.42129545E+02
  0.36400000E+01  0.31585402E+02 -0.41846860E+02
  0.36450000E+01  0.35171806E+02 -0.39992415E+02
  0.36500000E+01  0.35414195E+02 -0.38453340E+02
  0.36550000E+01  0.35153177E+02 -0.37580441E+02
  0.36600000E+01  0.35324010E+02 -0.36910078E+02
  0.36650000E+01  0.34011446E+02 -0.36373841E+02
  0.36700000E+01  0.33961068E+02 -0.36044636E+02
  0.36750000E+01  0.33339934E+02 -0.35723804E+02
  0.36800000E+01  0.32634014E+02 -0.35603500E+02
  0.36850000E+01  0.32092358E+02 -0.35614861E+02
  0.36900000E+01  0.31804847E+02 -0.35651737E+02
  0.36950000E+01  0.31648156E+02 -0.35657477E+02
  0.37000000E+01  0.31417649E+02 -0.35666085E+02
  0.37050000E+01  0.30622147E+02 -0.35966810E+02
  0.37100000E+01  0.30488067E+02 -0.36178546E+02
  0.37150000E+01  0.30439180E+02 -0.36334036E+02
  0.37200000E+01  0.30353748E+02 -0.36450629E+02
  0.37250000E+01  0.30149242E+02 -0.36545792E+02
  0.37300000E+01  0.30833079E+02 -0.36546453E+02
  0.37350000E+01  0.31704203E+02 -0.36187957E+02
  0.37400000E+01  0.33590315E+02 -0.35513722E+02
  0.37450000E+01  0.36584023E+02 -0.34207015E+02
  0.37500000E+01  0.38392785E+02 -0.32931359E+02
  0.37550000E+01  0.33373091E+02 -0.32721976E+02
  0.37600000E+01  0.30912482E+02 -0.33063167E+02
  0.37650000E+01  0.29242426E+02 -0.33459090E+02
  0.37700000E+01  0.28327032E+02 -0.33697391E+02
  0.37750000E+01  0.27070401E+02 -0.33717700E+02
  0.37800000E+01  0.23600879E+02 -0.34067004E+02
  0.37850000E+01  0.22498393E+02 -0.35394271E+02
  0.37900000E+01  0.22697545E+02 -0.36413733E+02
  0.37950000E+01  0.22941674E+02 -0.37288054E+02
  0.38000000E+01  0.23461247E+02 -0.37502517E+02
  0.38050000E+01  0.22980863E+02 -0.37698260E+02
  0.38100000E+01  0.22757448E+02 -0.37983406E+02
  0.38150000E+01  0.21861587E+02 -0.38384738E+02
  0.38200000E+01  0.20982204E+02 -0.38965902E+02
  0.38250000E+01  0.21913209E+02 -0.39448490E+02
  0.38300000E+01  0.23848059E+02 -0.39364241E+02
  0.38350000E+01  0.24780118E+02 -0.39120977E+02
  0.38400000E+01  0.27446925E+02 -0.37015628E+02
  0.38450000E+01  0.19313815E+02 -0.36721826E+02
  0.38500000E+01  0.20296842E+02 -0.38487615E+02
  0.38550000E+01  0.23256088E+02 -0.38266424E+02
  0.38600000E+01  0.24495422E+02 -0.38087786E+02
  0.38650000E+01  0.26503068E+02 -0.37551624E+02
  0.38700000E+01  0.28739896E+02 -0.35701520E+02
  0.38750000E+01  0.28445862E+02 -0.34638976E+02
  0.38800000E+01  0.28431993E+02 -0.33438370E+02
  0.38850000E+01  0.25381562E+02 -0.32446260E+02
  0.38900000E+01  0.23573298E+02 -0.32410165E+02
  0.38950000E+01  0.22504173E+02 -0.32624868E+02
  0.39000000E+01  0.21240756E+02 -0.33036994E+02
  0.39050000E+01  0.20211709E+02 -0.33729408E+02
  0.39100000E+01  0.22381726E+02 -0.34223669E+02
  0.39150000E+01  0.22791011E+02 -0.34266824E+02
  0.39200000E+01  0.23481573E+02 -0.34188629E+02
  0.39250000E+01  0.24284629E+02 -0.33881626E+02
  0.39300000E+01  0.24824904E+02 -0.33283471E+02
  0.39350000E+01  0.24837869E+02 -0.31821755E+02
  0.39400000E+01  0.23514588E+02 -0.30699934E+02
  0.39450000E+01  0.22459332E+02 -0.29560878E+02
  0.39500000E+01  0.17291208E+02 -0.29070888E+02
  0.39550000E+01  0.16649655E+02 -0.29615746E+02
  0.39600000E+01  0.15862163E+02 -0.29890406E+02
  0.39650000E+01  0.15044274E+02 -0.30056239E+02
  0.39700000E+01  0.14224534E+02 -0.30164240E+02
  0.39750000E+01  0.13372248E+02 -0.30218186E+02
  0.39800000E+01  0.12630400E+02 -0.30212300E+02
  0.39850000E+01  0.11630747E+02 -0.30259624E+02
  0.39900000E+01  0.96520627E+01 -0.30681554E+02
  0.39950000E+01  0.82045517E+01 -0.31087275E+02
  0.40000000E+01  0.67220754E+01 -0.31503374E+02
  0.40050000E+01  0.50899955E+01 -0.31972899E+02
  0.40100000E+01  0.39146167E+01 -0.32460709E+02
  0.40150000E+01  0.26240880E+01 -0.32941049E+02
  0.40200000E+01  0.12525802E+01 -0.33439527E+02
  0.40250000E+01 -0.41701849E+00 -0.34044963E+02
  0.40300000E+01 -0.20958389E+01 -0.34899861E+02
  0.40350000E+01 -0.29931828E+01 -0.35903911E+02
  0.40400000E+01 -0.34902245E+01 -0.36880653E+02
  0.40450000E+01 -0.37367502E+01 -0.37738654E+02
  0.40500000E+01 -0.39795866E+01 -0.38448371E+02
  0.40550000E+01 -0.52132524E+01 -0.38839679E+02
  0.40600000E+01 -0.61503834E+01 -0.39426650E+02
  0.40650000E+01 -0.67438241E+01 -0.40152340E+02
  0.40700000E+01 -0.70207990E+01 -0.40693997E+02
  0.40750000E+01 -0.85048301E+01 -0.41467522E+02
  0.40800000E+01 -0.94744829E+01 -0.42313265E+02
  0.40850000E+01 -0.10424856E+02 -0.43260111E+02
  0.40900000E+01 -0.11266973E+02 -0.44273914E+02
  0.40950000E+01 -0.12071532E+02 -0.45404061E+02
  0.41000000E+01 -0.12740463E+02 -0.46676565E+02
  0.41050000E+01 -0.13186599E+02 -0.48066159E+02
  0.41100000E+01 -0.13268246E+02 -0.49441040E+02
  0.41150000E+01 -0.13133659E+02 -0.50633687E+02
  0.41200000E+01 -0.13030383E+02 -0.51589239E+02
  0.41250000E+01 -0.12716078E+02 -0.52356880E+02
  0.41300000E+01 -0.12880091E+02 -0.52882823E+02
  0.41350000E+01 -0.13439465E+02 -0.53381784E+02
  0.41400000E+01 -0.13874250E+02 -0.53953001E+02
  0.41450000E+01 -0.14862525E+02 -0.54578784E+02
  0.41500000E+01 -0.17002960E+02 -0.55682727E+02
  0.41550000E+01 -0.17321877E+02 -0.56942786E+02
  0.41600000E+01 -0.17725398E+02 -0.57562915E+02
  0.41650000E+01 -0.19278827E+02 -0.58535020E+02
  0.41700000E+01 -0.19744263E+02 -0.59538232E+02
  0.41750000E+01 -0.20776735E+02 -0.60529498E+02
  0.41800000E+01 -0.22094845E+02 -0.61702293E+02
  0.41850000E+01 -0.23118951E+02 -0.63406213E+02
  0.41900000E+01 -0.26099043E+02 -0.65334043E+02
  0.41950000E+01 -0.29009602E+02 -0.68355804E+02
  0.42000000E+01 -0.24863117E+02 -0.70556980E+02
  0.42050000E+01 -0.24351641E+02 -0.72178797E+02
  0.42100000E+01 -0.22581077E+02 -0.74200163E+02
  0.42150000E+01 -0.16066281E+02 -0.74053825E+02
  0.42200000E+01 -0.18367749E+02 -0.74243528E+02
  0.42250000E+01 -0.16802052E+02 -0.74955195E+02
  0.42300000E+01 -0.17025716E+02 -0.75257121E+02
  0.42350000E+01 -0.17073790E+02 -0.75751816E+02
  0.42400000E+01 -0.16712190E+02 -0.76349283E+02
  0.42450000E+01 -0.17500920E+02 -0.77129845E+02
  0.42500000E+01 -0.19343084E+02 -0.78344862E+02
  0.42550000E+01 -0.18900160E+02 -0.79519464E+02
  0.42600000E+01 -0.18801414E+02 -0.80544847E+02
  0.42650000E+01 -0.19398869E+02 -0.81585785E+02
  0.42700000E+01 -0.19340781E+02 -0.83181760E+02
  0.42750000E+01 -0.18675980E+02 -0.84690130E+02
  0.42800000E+01 -0.16696212E+02 -0.85959896E+02
  0.42850000E+01 -0.13142405E+02 -0.87107539E+02
  0.42900000E+01 -0.13103869E+02 -0.87211309E+02
  0.42950000E+01 -0.12809157E+02 -0.87499366E+02
  0.43000000E+01 -0.12429948E+02 -0.87892709E+02
  0.43050000E+01 -0.12185041E+02 -0.88341706E+02
  0.43100000E+01 -0.11980579E+02 -0.88831615E+02
  0.43150000E+01 -0.11813821E+02 -0.89333117E+02
  0.43200000E+01 -0.11890108E+02 -0.89783491E+02
  0.43250000E+01 -0.12527328E+02 -0.90431417E+02
  0.43300000E+01 -0.13390857E+02 -0.91377815E+02
  0.43350000E+01 -0.13555687E+02 -0.92691751E+02
  0.43400000E+01 -0.11814167E+02 -0.94040084E+02
  0.43450000E+01 -0.11106957E+02 -0.94982068E+02
  0.43500000E+01 -0.10472924E+02 -0.95792105E+02
  0.43550000E+01 -0.97815015E+01 -0.96514016E+02
  0.43600000E+01 -0.94179528E+01 -0.97171289E+02
  0.43650000E+01 -0.91050293E+01 -0.97840267E+02
  0.43700000E+01 -0.88146934E+01 -0.98513134E+02
  0.43750000E+01 -0.85540797E+01 -0.99193038E+02
  0.43800000E+01 -0.81944329E+01 -0.99875061E+02
  0.43850000E+01 -0.79890660E+01 -0.10052013E+03
  0.43900000E+01 -0.78625554E+01 -0.10117299E+03
  0.43950000E+01 -0.76799803E+01 -0.10183016E+03
  0.44000000E+01 -0.74866825E+01 -0.10246398E+03
  0.44050000E+01 -0.68274888E+01 -0.10290519E+03
  0.44100000E+01 -0.77082057E+01 -0.10359396E+03
  0.44150000E+01 -0.79396966E+01 -0.10436143E+03
  0.44200000E+01 -0.83308764E+01 -0.10520697E+03
  0.44250000E+01 -0.88026189E+01 -0.10621514E+03
  0.44300000E+01 -0.92585195E+01 -0.10744423E+03
  0.44350000E+01 -0.90972153E+01 -0.10900880E+03
  0.44400000E+01 -0.83160826E+01 -0.11021912E+03
  0.44450000E+01 -0.74984518E+01 -0.11085697E+03
  0.44500000E+01 -0.69520733E+01 -0.11145129E+03
  0.44550000E+01 -0.69068924E+01 -0.11221289E+03
  0.44600000E+01 -0.73201505E+01 -0.11308725E+03
  0.44650000E+01 -0.68372765E+01 -0.11391869E+03
  0.44700000E+01 -0.69252679E+01 -0.11471947E+03
  0.44750000E+01 -0.70897050E+01 -0.11559650E+03
  0.44800000E+01 -0.77819355E+01 -0.11672051E+03
  0.44850000E+01 -0.76963460E+01 -0.11799654E+03
  0.44900000E+01 -0.76440073E+01 -0.11918029E+03
  0.44950000E+01 -0.76066538E+01 -0.12034177E+03
  0.45000000E+01 -0.77552717E+01 -0.12156570E+03
  0.45050000E+01 -0.76328031E+01 -0.12285192E+03
  0.45100000E+01 -0.82503855E+01 -0.12428257E+03
  0.45150000E+01 -0.87299703E+01 -0.12589463E+03
  0.45200000E+01 -0.90368290E+01 -0.12755245E+03
  0.45250000E+01 -0.93349605E+01 -0.12930415E+03
  0.45300000E+01 -0.96824074E+01 -0.13119596E+03
  0.45350000E+01 -0.10224265E+02 -0.13326314E+03
  0.45400000E+01 -0.98401313E+01 -0.13538108E+03
  0.45450000E+01 -0.89811314E+01 -0.13737784E+03
  0.45500000E+01 -0.77861018E+01 -0.13925656E+03
  0.45550000E+01 -0.66776364E+01 -0.14103260E+03
  0.45600000E+01 -0.62880164E+01 -0.14300388E+03
  0.45650000E+01 -0.58352818E+01 -0.14512117E+03
  0.45700000E+01 -0.54140767E+01 -0.14742396E+03
  0.45750000E+01 -0.48108800E+01 -0.14999318E+03
  0.45800000E+01 -0.49724879E+01 -0.15287192E+03
  0.45850000E+01  0.21477367E+00 -0.15471186E+03
  0.45900000E+01  0.41345879E+01 -0.15598571E+03
  0.45950000E+01  0.94952694E+01 -0.15636429E+03
  0.46000000E+01  0.13356207E+02 -0.15653117E+03
  0.46050000E+01  0.16435904E+02 -0.15686930E+03
  0.46100000E+01  0.20161275E+02 -0.15714295E+03
  0.46150000E+01  0.24126184E+02 -0.15721267E+03
  0.46200000E+01  0.26077006E+02 -0.15686634E+03
  0.46250000E+01  0.28760572E+02 -0.15636730E+03
  0.46300000E+01  0.27482472E+02 -0.15688011E+03
  0.46350000E+01  0.28014493E+02 -0.15731552E+03
  0.46400000E+01  0.27987991E+02 -0.15783334E+03
  0.46450000E+01  0.28602853E+02 -0.15900343E+03
  0.46500000E+01  0.32068813E+02 -0.16013364E+03
  0.46550000E+01  0.34213104E+02 -0.16055130E+03
  0.46600000E+01  0.36398071E+02 -0.16071862E+03
  0.46650000E+01  0.37196112E+02 -0.16065974E+03
  0.46700000E+01  0.36864280E+02 -0.16076719E+03
  0.46750000E+01  0.36033244E+02 -0.16131074E+03
  0.46800000E+01  0.35643593E+02 -0.16242886E+03
  0.46850000E+01  0.35186893E+02 -0.16375183E+03
  0.46900000E+01  0.34314111E+02 -0.16642185E+03
  0.46950000E+01  0.40598817E+02 -0.17079229E+03
  0.47000000E+01  0.44084136E+02 -0.17125440E+03
  0.47050000E+01  0.50010288E+02 -0.17296112E+03
  0.47100000E+01  0.53149704E+02 -0.17040658E+03
  0.47150000E+01  0.51956853E+02 -0.16821805E+03
  0.47200000E+01  0.51888411E+02 -0.16793699E+03
  0.47250000E+01  0.50731510E+02 -0.16773084E+03
  0.47300000E+01  0.50612551E+02 -0.16815046E+03
  0.47350000E+01  0.51533702E+02 -0.16945555E+03
  0.47400000E+01  0.52735625E+02 -0.17128296E+03
  0.47450000E+01  0.55314381E+02 -0.17229692E+03
  0.47500000E+01  0.54367355E+02 -0.17280045E+03
  0.47550000E+01  0.55645943E+02 -0.17370676E+03
  0.47600000E+01  0.56450857E+02 -0.17465581E+03
  0.47650000E+01  0.57841314E+02 -0.17550777E+03
  0.47700000E+01  0.59358607E+02 -0.17571067E+03
  0.47750000E+01  0.59499817E+02 -0.17593682E+03
  0.47800000E+01  0.59512524E+02 -0.17706582E+03
  0.47850000E+01  0.60054722E+02 -0.17896890E+03
  0.47900000E+01  0.61597672E+02 -0.18088592E+03
  0.47950000E+01  0.62967903E+02 -0.18246674E+03
  0.48000000E+01  0.64268279E+02 -0.18464234E+03
  0.48050000E+01  0.68207031E+02 -0.18595495E+03
  0.48100000E+01  0.70811742E+02 -0.18724370E+03
  0.48150000E+01  0.73267049E+02 -0.18853902E+03
  0.48200000E+01  0.76956941E+02 -0.18942179E+03
  0.48250000E+01  0.80133232E+02 -0.19013722E+03
  0.48300000E+01  0.82776995E+02 -0.19076791E+03
  0.48350000E+01  0.85593636E+02 -0.19147760E+03
  0.48400000E+01  0.88369864E+02 -0.19241818E+03
  0.48450000E+01  0.91709284E+02 -0.19225551E+03
  0.48500000E+01  0.94210728E+02 -0.19264642E+03
  0.48550000E+01  0.96484342E+02 -0.19306457E+03
  0.48600000E+01  0.97270144E+02 -0.19430506E+03
  0.48650000E+01  0.99380100E+02 -0.19725974E+03
  0.48700000E+01  0.10675368E+03 -0.19619444E+03
  0.48750000E+01  0.10721529E+03 -0.19700619E+03
  0.48800000E+01  0.11417738E+03 -0.19761849E+03
  0.48850000E+01  0.11872126E+03 -0.19728592E+03
  0.48900000E+01  0.12303011E+03 -0.19631539E+03
  0.48950000E+01  0.12669537E+03 -0.19489910E+03
  0.49000000E+01  0.12750546E+03 -0.19350968E+03
  0.49050000E+01  0.12808967E+03 -0.19292070E+03
  0.49100000E+01  0.12989506E+03 -0.19252439E+03
  0.49150000E+01  0.12951783E+03 -0.19252298E+03
  0.49200000E+01  0.13124325E+03 -0.19473633E+03
  0.49250000E+01  0.13593850E+03 -0.19620665E+03
  0.49300000E+01  0.14242067E+03 -0.19727480E+03
  0.49350000E+01  0.14859765E+03 -0.19708590E+03
  0.49400000E+01  0.15568103E+03 -0.19580633E+03
  0.49450000E+01  0.16459666E+03 -0.19174340E+03
  0.49500000E+01  0.17207237E+03 -0.18646803E+03
  0.49550000E+01  0.17466207E+03 -0.18301786E+03
  0.49600000E+01  0.17863284E+03 -0.18001530E+03
  0.49650000E+01  0.18434505E+03 -0.17623615E+03
  0.49700000E+01  0.19485034E+03 -0.16883296E+03
  0.49750000E+01  0.20249679E+03 -0.15987970E+03
  0.49800000E+01  0.19790971E+03 -0.15271523E+03
  0.49850000E+01  0.18981682E+03 -0.15142900E+03
  0.49900000E+01  0.19012704E+03 -0.14912583E+03
  0.49950000E+01  0.19029912E+03 -0.14637204E+03
  0.50000000E+01  0.18947977E+03 -0.14374920E+03
