  0.00000000E+00  0.72175258E-45 -0.27738797E-16
  0.50000000E-02  0.72175431E-45  0.19248611E-01
  0.10000000E-01  0.72175952E-45  0.38497548E-01
  0.15000000E-01  0.72176821E-45  0.57747135E-01
  0.20000000E-01  0.72178037E-45  0.76997698E-01
  0.25000000E-01  0.72179600E-45  0.96249563E-01
  0.30000000E-01  0.72181511E-45  0.11550305E+00
  0.35000000E-01  0.72183769E-45  0.13475850E+00
  0.40000000E-01  0.72186374E-45  0.15401622E+00
  0.45000000E-01  0.72189327E-45  0.17327656E+00
  0.50000000E-01  0.72192628E-45  0.19253982E+00
  0.55000000E-01  0.72196275E-45  0.21180634E+00
  0.60000000E-01  0.72200271E-45  0.23107646E+00
  0.65000000E-01  0.72204614E-45  0.25035049E+00
  0.70000000E-01  0.72209304E-45  0.26962877E+00
  0.75000000E-01  0.72214342E-45  0.28891162E+00
  0.80000000E-01  0.72219727E-45  0.30819938E+00
  0.85000000E-01  0.72225460E-45  0.32749238E+00
  0.90000000E-01  0.72231540E-45  0.34679095E+00
  0.95000000E-01  0.72237968E-45  0.36609542E+00
  0.10000000E+00  0.72244744E-45  0.38540613E+00
  0.10500000E+00  0.72251867E-45  0.40472342E+00
  0.11000000E+00  0.72259338E-45  0.42404761E+00
  0.11500000E+00  0.72267157E-45  0.44337904E+00
  0.12000000E+00  0.72275324E-45  0.46271806E+00
  0.12500000E+00  0.72283838E-45  0.48206500E+00
  0.13000000E+00  0.72292700E-45  0.50142021E+00
  0.13500000E+00  0.72301910E-45  0.52078402E+00
  0.14000000E+00  0.72311467E-45  0.54015678E+00
  0.14500000E+00  0.72321373E-45  0.55953883E+00
  0.15000000E+00  0.72331626E-45  0.57893052E+00
  0.15500000E+00  0.72342228E-45  0.59833220E+00
  0.16000000E+00  0.72353177E-45  0.61774422E+00
  0.16500000E+00  0.72364475E-45  0.63716692E+00
  0.17000000E+00  0.72376120E-45  0.65660067E+00
  0.17500000E+00  0.72388114E-45  0.67604581E+00
  0.18000000E+00  0.72400456E-45  0.69550271E+00
  0.18500000E+00  0.72413146E-45  0.71497171E+00
  0.19000000E+00  0.72426185E-45  0.73445319E+00
  0.19500000E+00  0.72439572E-45  0.75394750E+00
  0.20000000E+00  0.72453307E-45  0.77345501E+00
  0.20500000E+00  0.72467390E-45  0.79297609E+00
  0.21000000E+00  0.72481822E-45  0.81251110E+00
  0.21500000E+00  0.72496603E-45  0.83206042E+00
  0.22000000E+00  0.72511732E-45  0.85162443E+00
  0.22500000E+00  0.72527210E-45  0.87120349E+00
  0.23000000E+00  0.72543036E-45  0.89079798E+00
  0.23500000E+00  0.72559212E-45  0.91040830E+00
  0.24000000E+00  0.72575736E-45  0.93003483E+00
  0.24500000E+00  0.72592609E-45  0.94967794E+00
  0.25000000E+00  0.72609831E-45  0.96933804E+00
  0.25500000E+00  0.72627401E-45  0.98901552E+00
  0.26000000E+00  0.72645321E-45  0.10087108E+01
  0.26500000E+00  0.72663591E-45  0.10284242E+01
  0.27000000E+00  0.72682209E-45  0.10481562E+01
  0.27500000E+00  0.72701176E-45  0.10679072E+01
  0.28000000E+00  0.72720493E-45  0.10876776E+01
  0.28500000E+00  0.72740160E-45  0.11074678E+01
  0.29000000E+00  0.72760175E-45  0.11272782E+01
  0.29500000E+00  0.72780541E-45  0.11471092E+01
  0.30000000E+00  0.72801256E-45  0.11669614E+01
  0.30500000E+00  0.72822321E-45  0.11868350E+01
  0.31000000E+00  0.72843735E-45  0.12067306E+01
  0.31500000E+00  0.72865500E-45  0.12266486E+01
  0.32000000E+00  0.72887614E-45  0.12465894E+01
  0.32500000E+00  0.72910078E-45  0.12665534E+01
  0.33000000E+00  0.72932893E-45  0.12865412E+01
  0.33500000E+00  0.72956058E-45  0.13065531E+01
  0.34000000E+00  0.72979573E-45  0.13265897E+01
  0.34500000E+00  0.73003438E-45  0.13466514E+01
  0.35000000E+00  0.73027654E-45  0.13667386E+01
  0.35500000E+00  0.73052220E-45  0.13868519E+01
  0.36000000E+00  0.73077137E-45  0.14069918E+01
  0.36500000E+00  0.73102405E-45  0.14271586E+01
  0.37000000E+00  0.73128024E-45  0.14473530E+01
  0.37500000E+00  0.73153993E-45  0.14675754E+01
  0.38000000E+00  0.73180314E-45  0.14878263E+01
  0.38500000E+00  0.73206986E-45  0.15081063E+01
  0.39000000E+00  0.73234009E-45  0.15284158E+01
  0.39500000E+00  0.73261383E-45  0.15487554E+01
  0.40000000E+00  0.73289109E-45  0.15691257E+01
  0.40500000E+00  0.73317186E-45  0.15895271E+01
  0.41000000E+00  0.73345615E-45  0.16099602E+01
  0.41500000E+00  0.73374395E-45  0.16304255E+01
  0.42000000E+00  0.73403528E-45  0.16509237E+01
  0.42500000E+00  0.73433012E-45  0.16714553E+01
  0.43000000E+00  0.73462848E-45  0.16920209E+01
  0.43500000E+00  0.73493037E-45  0.17126210E+01
  0.44000000E+00  0.73523578E-45  0.17332563E+01
  0.44500000E+00  0.73554471E-45  0.17539273E+01
  0.45000000E+00  0.73585717E-45  0.17746348E+01
  0.45500000E+00  0.73617316E-45  0.17953792E+01
  0.46000000E+00  0.73649267E-45  0.18161613E+01
  0.46500000E+00  0.73681571E-45  0.18369817E+01
  0.47000000E+00  0.73714228E-45  0.18578411E+01
  0.47500000E+00  0.73747238E-45  0.18787400E+01
  0.48000000E+00  0.73780601E-45  0.18996793E+01
  0.48500000E+00  0.73814318E-45  0.19206595E+01
  0.49000000E+00  0.73848388E-45  0.19416814E+01
  0.49500000E+00  0.73882812E-45  0.19627457E+01
  0.50000000E+00  0.73917590E-45  0.19838531E+01
  0.50500000E+00  0.73952721E-45  0.20050044E+01
  0.51000000E+00  0.73988207E-45  0.20262003E+01
  0.51500000E+00  0.74024046E-45  0.20474416E+01
  0.52000000E+00  0.74060240E-45  0.20687290E+01
  0.52500000E+00  0.74096788E-45  0.20900634E+01
  0.53000000E+00  0.74133691E-45  0.21114456E+01
  0.53500000E+00  0.74170948E-45  0.21328764E+01
  0.54000000E+00  0.74208560E-45  0.21543566E+01
  0.54500000E+00  0.74246528E-45  0.21758872E+01
  0.55000000E+00  0.74284851E-45  0.21974689E+01
  0.55500000E+00  0.74323545E-45  0.22191027E+01
  0.56000000E+00  0.74362724E-45  0.22407895E+01
  0.56500000E+00  0.74403410E-45  0.22625303E+01
  0.57000000E+00  0.74454404E-45  0.22843259E+01
  0.57500000E+00  0.74589826E-45  0.23061774E+01
  0.58000000E+00  0.75419775E-45  0.23280858E+01
  0.58500000E+00  0.81852192E-45  0.23500521E+01
  0.59000000E+00  0.13247082E-44  0.23720773E+01
  0.59500000E+00  0.52368374E-44  0.23941625E+01
  0.60000000E+00  0.34804698E-43  0.24163089E+01
  0.60500000E+00  0.25321232E-42  0.24385174E+01
  0.61000000E+00  0.18297075E-41  0.24607894E+01
  0.61500000E+00  0.12948351E-40  0.24831259E+01
  0.62000000E+00  0.89561078E-40  0.25055281E+01
  0.62500000E+00  0.60525302E-39  0.25279974E+01
  0.63000000E+00  0.39957541E-38  0.25505349E+01
  0.63500000E+00  0.25765718E-37  0.25731420E+01
  0.64000000E+00  0.16225515E-36  0.25958201E+01
  0.64500000E+00  0.99767434E-36  0.26185704E+01
  0.65000000E+00  0.59885642E-35  0.26413944E+01
  0.65500000E+00  0.35082894E-34  0.26642935E+01
  0.66000000E+00  0.20053247E-33  0.26872693E+01
  0.66500000E+00  0.11180132E-32  0.27103233E+01
  0.67000000E+00  0.60773140E-32  0.27334570E+01
  0.67500000E+00  0.32193976E-31  0.27566721E+01
  0.68000000E+00  0.16610703E-30  0.27799703E+01
  0.68500000E+00  0.83415603E-30  0.28033532E+01
  0.69000000E+00  0.40735433E-29  0.28268227E+01
  0.69500000E+00  0.19323249E-28  0.28503806E+01
  0.70000000E+00  0.88908663E-28  0.28740287E+01
  0.70500000E+00  0.39603242E-27  0.28977691E+01
  0.71000000E+00  0.17033267E-26  0.29216038E+01
  0.71500000E+00  0.70472713E-26  0.29455347E+01
  0.72000000E+00  0.27891808E-25  0.29695642E+01
  0.72500000E+00  0.10466887E-24  0.29936944E+01
  0.73000000E+00  0.36675904E-24  0.30179275E+01
  0.73500000E+00  0.11642137E-23  0.30422662E+01
  0.74000000E+00  0.31086374E-23  0.30667126E+01
  0.74500000E+00  0.52032081E-23  0.30912696E+01
  0.75000000E+00 -0.10589150E-22  0.31159396E+01
  0.75500000E+00 -0.17004197E-21  0.31407255E+01
  0.76000000E+00 -0.11666535E-20  0.31656302E+01
  0.76500000E+00 -0.63940021E-20  0.31906566E+01
  0.77000000E+00 -0.31210246E-19  0.32158077E+01
  0.77500000E+00 -0.14116493E-18  0.32410870E+01
  0.78000000E+00 -0.60296620E-18  0.32664976E+01
  0.78500000E+00 -0.24579682E-17  0.32920431E+01
  0.79000000E+00 -0.96247144E-17  0.33177271E+01
  0.79500000E+00 -0.36355927E-16  0.33435534E+01
  0.80000000E+00 -0.13286634E-15  0.33695261E+01
  0.80500000E+00 -0.47078552E-15  0.33956492E+01
  0.81000000E+00 -0.16198549E-14  0.34219271E+01
  0.81500000E+00 -0.54185675E-14  0.34483643E+01
  0.82000000E+00 -0.17637605E-13  0.34749657E+01
  0.82500000E+00 -0.55904236E-13  0.35017361E+01
  0.83000000E+00 -0.17263782E-12  0.35286808E+01
  0.83500000E+00 -0.51963350E-12  0.35558053E+01
  0.84000000E+00 -0.15250014E-11  0.35831154E+01
  0.84500000E+00 -0.43647838E-11  0.36106172E+01
  0.85000000E+00 -0.12185774E-10  0.36383170E+01
  0.85500000E+00 -0.33189029E-10  0.36662217E+01
  0.86000000E+00 -0.88189680E-10  0.36943383E+01
  0.86500000E+00 -0.22862980E-09  0.37226744E+01
  0.87000000E+00 -0.57827000E-09  0.37512380E+01
  0.87500000E+00 -0.14268686E-08  0.37800374E+01
  0.88000000E+00 -0.34343795E-08  0.38090817E+01
  0.88500000E+00 -0.80623656E-08  0.38383803E+01
  0.89000000E+00 -0.18456495E-07  0.38679434E+01
  0.89500000E+00 -0.41192141E-07  0.38977816E+01
  0.90000000E+00 -0.89607693E-07  0.39279065E+01
  0.90500000E+00 -0.18993580E-06  0.39583304E+01
  0.91000000E+00 -0.39213338E-06  0.39890662E+01
  0.91500000E+00 -0.78816783E-06  0.40201280E+01
  0.92000000E+00 -0.15413169E-05  0.40515308E+01
  0.92500000E+00 -0.29301632E-05  0.40832908E+01
  0.93000000E+00 -0.54090135E-05  0.41154253E+01
  0.93500000E+00 -0.96796707E-05  0.41479531E+01
  0.94000000E+00 -0.16752774E-04  0.41808944E+01
  0.94500000E+00 -0.27942078E-04  0.42142711E+01
  0.95000000E+00 -0.44670677E-04  0.42481070E+01
  0.95500000E+00 -0.67864040E-04  0.42824277E+01
  0.96000000E+00 -0.96567113E-04  0.43172613E+01
  0.96500000E+00 -0.12531573E-03  0.43526384E+01
  0.97000000E+00 -0.13992242E-03  0.43885923E+01
  0.97500000E+00 -0.11218047E-03  0.44251595E+01
  0.98000000E+00  0.36604273E-05  0.44623800E+01
  0.98500000E+00  0.26537989E-03  0.45002975E+01
  0.99000000E+00  0.71627387E-03  0.45389598E+01
  0.99500000E+00  0.13285568E-02  0.45784193E+01
  0.10000000E+01  0.19327099E-02  0.46187330E+01
  0.10050000E+01  0.22018123E-02  0.46599623E+01
  0.10100000E+01  0.17955937E-02  0.47021725E+01
  0.10150000E+01  0.64132025E-03  0.47454307E+01
  0.10200000E+01 -0.10358418E-02  0.47898018E+01
  0.10250000E+01 -0.33173834E-02  0.48353408E+01
  0.10300000E+01 -0.67955015E-02  0.48820902E+01
  0.10350000E+01 -0.12455736E-01  0.49300635E+01
  0.10400000E+01 -0.18001206E-01  0.49791707E+01
  0.10450000E+01 -0.19439486E-01  0.50294389E+01
  0.10500000E+01 -0.13217111E-01  0.50808953E+01
  0.10550000E+01 -0.44502027E-02  0.51335575E+01
  0.10600000E+01 -0.10961067E-01  0.51873645E+01
  0.10650000E+01 -0.26904295E-01  0.52419295E+01
  0.10700000E+01 -0.12417050E-01  0.52953983E+01
  0.10750000E+01 -0.10250700E+00  0.53246629E+01
  0.10800000E+01 -0.40188634E+00  0.53483999E+01
  0.10850000E+01 -0.54982144E+00  0.53452714E+01
  0.10900000E+01 -0.66865674E+00  0.53472041E+01
  0.10950000E+01 -0.74598268E+00  0.53501263E+01
  0.11000000E+01 -0.82284227E+00  0.53539744E+01
  0.11050000E+01 -0.87839259E+00  0.53584559E+01
  0.11100000E+01 -0.92989523E+00  0.53633473E+01
  0.11150000E+01 -0.97681990E+00  0.53684971E+01
  0.11200000E+01 -0.10190889E+01  0.53737725E+01
  0.11250000E+01 -0.10619016E+01  0.53790373E+01
  0.11300000E+01 -0.11073332E+01  0.53841583E+01
  0.11350000E+01 -0.11541606E+01  0.53890226E+01
  0.11400000E+01 -0.11994901E+01  0.53935584E+01
  0.11450000E+01 -0.12410819E+01  0.53977490E+01
  0.11500000E+01 -0.12782238E+01  0.54016284E+01
  0.11550000E+01 -0.13107586E+01  0.54052650E+01
  0.11600000E+01 -0.13385995E+01  0.54087447E+01
  0.11650000E+01 -0.13622163E+01  0.54121571E+01
  0.11700000E+01 -0.13828944E+01  0.54155797E+01
  0.11750000E+01 -0.14022847E+01  0.54190724E+01
  0.11800000E+01 -0.14217200E+01  0.54226793E+01
  0.11850000E+01 -0.14417998E+01  0.54264336E+01
  0.11900000E+01 -0.14623517E+01  0.54303628E+01
  0.11950000E+01 -0.14826436E+01  0.54344941E+01
  0.12000000E+01 -0.15016976E+01  0.54388570E+01
  0.12050000E+01 -0.15186096E+01  0.54434823E+01
  0.12100000E+01 -0.15328137E+01  0.54483974E+01
  0.12150000E+01 -0.15442390E+01  0.54536216E+01
  0.12200000E+01 -0.15533233E+01  0.54591600E+01
  0.12250000E+01 -0.15608846E+01  0.54649967E+01
  0.12300000E+01 -0.15678929E+01  0.54710938E+01
  0.12350000E+01 -0.15752137E+01  0.54773982E+01
  0.12400000E+01 -0.15833997E+01  0.54838546E+01
  0.12450000E+01 -0.15925813E+01  0.54904135E+01
  0.12500000E+01 -0.16024754E+01  0.54970292E+01
  0.12550000E+01 -0.16124958E+01  0.55036537E+01
  0.12600000E+01 -0.16219244E+01  0.55102408E+01
  0.12650000E+01 -0.16300943E+01  0.55167632E+01
  0.12700000E+01 -0.16365355E+01  0.55232286E+01
  0.12750000E+01 -0.16410562E+01  0.55296755E+01
  0.12800000E+01 -0.16437466E+01  0.55361497E+01
  0.12850000E+01 -0.16449202E+01  0.55426798E+01
  0.12900000E+01 -0.16450149E+01  0.55492742E+01
  0.12950000E+01 -0.16444868E+01  0.55559400E+01
  0.13000000E+01 -0.16437199E+01  0.55627033E+01
  0.13050000E+01 -0.16429699E+01  0.55696126E+01
  0.13100000E+01 -0.16423444E+01  0.55767212E+01
  0.13150000E+01 -0.16418157E+01  0.55840635E+01
  0.13200000E+01 -0.16412572E+01  0.55916443E+01
  0.13250000E+01 -0.16404902E+01  0.55994509E+01
  0.13300000E+01 -0.16393326E+01  0.56074769E+01
  0.13350000E+01 -0.16376388E+01  0.56157411E+01
  0.13400000E+01 -0.16353248E+01  0.56242837E+01
  0.13450000E+01 -0.16323748E+01  0.56331428E+01
  0.13500000E+01 -0.16288299E+01  0.56423306E+01
  0.13550000E+01 -0.16247646E+01  0.56518339E+01
  0.13600000E+01 -0.16202590E+01  0.56616363E+01
  0.13650000E+01 -0.16153761E+01  0.56717425E+01
  0.13700000E+01 -0.16101517E+01  0.56821790E+01
  0.13750000E+01 -0.16045971E+01  0.56929726E+01
  0.13800000E+01 -0.15987123E+01  0.57041311E+01
  0.13850000E+01 -0.15925001E+01  0.57156448E+01
  0.13900000E+01 -0.15859741E+01  0.57275059E+01
  0.13950000E+01 -0.15791572E+01  0.57397211E+01
  0.14000000E+01 -0.15720711E+01  0.57523087E+01
  0.14050000E+01 -0.15647256E+01  0.57652875E+01
  0.14100000E+01 -0.15571137E+01  0.57786682E+01
  0.14150000E+01 -0.15492188E+01  0.57924506E+01
  0.14200000E+01 -0.15410292E+01  0.58066223E+01
  0.14250000E+01 -0.15325530E+01  0.58211654E+01
  0.14300000E+01 -0.15238214E+01  0.58360753E+01
  0.14350000E+01 -0.15148779E+01  0.58513787E+01
  0.14400000E+01 -0.15057546E+01  0.58671246E+01
  0.14450000E+01 -0.14964513E+01  0.58833461E+01
  0.14500000E+01 -0.14869309E+01  0.59000285E+01
  0.14550000E+01 -0.14771390E+01  0.59171195E+01
  0.14600000E+01 -0.14670407E+01  0.59345751E+01
  0.14650000E+01 -0.14566554E+01  0.59523989E+01
  0.14700000E+01 -0.14460661E+01  0.59706402E+01
  0.14750000E+01 -0.14353907E+01  0.59893599E+01
  0.14800000E+01 -0.14247248E+01  0.60085945E+01
  0.14850000E+01 -0.14140837E+01  0.60283421E+01
  0.14900000E+01 -0.14033784E+01  0.60485663E+01
  0.14950000E+01 -0.13924478E+01  0.60692124E+01
  0.15000000E+01 -0.13811391E+01  0.60902344E+01
  0.15050000E+01 -0.13693991E+01  0.61116277E+01
  0.15100000E+01 -0.13573258E+01  0.61334479E+01
  0.15150000E+01 -0.13451448E+01  0.61557901E+01
  0.15200000E+01 -0.13331123E+01  0.61787306E+01
  0.15250000E+01 -0.13213873E+01  0.62022712E+01
  0.15300000E+01 -0.13099387E+01  0.62263338E+01
  0.15350000E+01 -0.12985439E+01  0.62508122E+01
  0.15400000E+01 -0.12868877E+01  0.62756413E+01
  0.15450000E+01 -0.12747208E+01  0.63008357E+01
  0.15500000E+01 -0.12619968E+01  0.63264807E+01
  0.15550000E+01 -0.12489149E+01  0.63526894E+01
  0.15600000E+01 -0.12358379E+01  0.63795474E+01
  0.15650000E+01 -0.12231213E+01  0.64070681E+01
  0.15700000E+01 -0.12109381E+01  0.64351785E+01
  0.15750000E+01 -0.11991917E+01  0.64637533E+01
  0.15800000E+01 -0.11875644E+01  0.64926870E+01
  0.15850000E+01 -0.11756802E+01  0.65219624E+01
  0.15900000E+01 -0.11632992E+01  0.65516687E+01
  0.15950000E+01 -0.11504410E+01  0.65819543E+01
  0.16000000E+01 -0.11373734E+01  0.66129425E+01
  0.16050000E+01 -0.11244711E+01  0.66446612E+01
  0.16100000E+01 -0.11120231E+01  0.66770284E+01
  0.16150000E+01 -0.11000912E+01  0.67099003E+01
  0.16200000E+01 -0.10884951E+01  0.67431538E+01
  0.16250000E+01 -0.10769302E+01  0.67767561E+01
  0.16300000E+01 -0.10651489E+01  0.68107867E+01
  0.16350000E+01 -0.10531028E+01  0.68454011E+01
  0.16400000E+01 -0.10409665E+01  0.68807482E+01
  0.16450000E+01 -0.10290318E+01  0.69168828E+01
  0.16500000E+01 -0.10175342E+01  0.69537246E+01
  0.16550000E+01 -0.10065152E+01  0.69911027E+01
  0.16600000E+01 -0.99580056E+00  0.70288625E+01
  0.16650000E+01 -0.98511003E+00  0.70669667E+01
  0.16700000E+01 -0.97423651E+00  0.71055189E+01
  0.16750000E+01 -0.96319050E+00  0.71446986E+01
  0.16800000E+01 -0.95222358E+00  0.71846543E+01
  0.16850000E+01 -0.94171147E+00  0.72254225E+01
  0.16900000E+01 -0.93195764E+00  0.72669149E+01
  0.16950000E+01 -0.92302474E+00  0.73089705E+01
  0.17000000E+01 -0.91468856E+00  0.73514437E+01
  0.17050000E+01 -0.90654313E+00  0.73942859E+01
  0.17100000E+01 -0.89820326E+00  0.74375797E+01
  0.17150000E+01 -0.88949793E+00  0.74814999E+01
  0.17200000E+01 -0.88055376E+00  0.75262100E+01
  0.17250000E+01 -0.87172870E+00  0.75717608E+01
  0.17300000E+01 -0.86343711E+00  0.76180608E+01
  0.17350000E+01 -0.85596389E+00  0.76649393E+01
  0.17400000E+01 -0.84936594E+00  0.77122537E+01
  0.17450000E+01 -0.84350586E+00  0.77599681E+01
  0.17500000E+01 -0.83818586E+00  0.78081648E+01
  0.17550000E+01 -0.83329486E+00  0.78569930E+01
  0.17600000E+01 -0.82887818E+00  0.79065843E+01
  0.17650000E+01 -0.82508951E+00  0.79569821E+01
  0.17700000E+01 -0.82205812E+00  0.80081212E+01
  0.17750000E+01 -0.81975894E+00  0.80598762E+01
  0.17800000E+01 -0.81797500E+00  0.81121465E+01
  0.17850000E+01 -0.81639033E+00  0.81649234E+01
  0.17900000E+01 -0.81477259E+00  0.82182955E+01
  0.17950000E+01 -0.81314536E+00  0.82723959E+01
  0.18000000E+01 -0.81184432E+00  0.83273332E+01
  0.18050000E+01 -0.81140717E+00  0.83831504E+01
  0.18100000E+01 -0.81233696E+00  0.84398261E+01
  0.18150000E+01 -0.81485464E+00  0.84973002E+01
  0.18200000E+01 -0.81877471E+00  0.85555039E+01
  0.18250000E+01 -0.82358462E+00  0.86143787E+01
  0.18300000E+01 -0.82870457E+00  0.86738912E+01
  0.18350000E+01 -0.83380478E+00  0.87340460E+01
  0.18400000E+01 -0.83901428E+00  0.87948942E+01
  0.18450000E+01 -0.84489926E+00  0.88565210E+01
  0.18500000E+01 -0.85220280E+00  0.89190068E+01
  0.18550000E+01 -0.86146674E+00  0.89823702E+01
  0.18600000E+01 -0.87273145E+00  0.90465199E+01
  0.18650000E+01 -0.88548459E+00  0.91112540E+01
  0.18700000E+01 -0.89890941E+00  0.91763298E+01
  0.18750000E+01 -0.91232409E+00  0.92415877E+01
  0.18800000E+01 -0.92558906E+00  0.93070572E+01
  0.18850000E+01 -0.93925667E+00  0.93729577E+01
  0.18900000E+01 -0.95435843E+00  0.94395685E+01
  0.18950000E+01 -0.97191365E+00  0.95070324E+01
  0.19000000E+01 -0.99240215E+00  0.95752141E+01
  0.19050000E+01 -0.10154823E+01  0.96437148E+01
  0.19100000E+01 -0.10401240E+01  0.97120606E+01
  0.19150000E+01 -0.10651125E+01  0.97799724E+01
  0.19200000E+01 -0.10896789E+01  0.98475484E+01
  0.19250000E+01 -0.11139271E+01  0.99152166E+01
  0.19300000E+01 -0.11388244E+01  0.99834605E+01
  0.19350000E+01 -0.11657439E+01  0.10052483E+02
  0.19400000E+01 -0.11957878E+01  0.10122027E+02
  0.19450000E+01 -0.12292480E+01  0.10191474E+02
  0.19500000E+01 -0.12654906E+01  0.10260178E+02
  0.19550000E+01 -0.13033332E+01  0.10327827E+02
  0.19600000E+01 -0.13417135E+01  0.10394595E+02
  0.19650000E+01 -0.13802965E+01  0.10460978E+02
  0.19700000E+01 -0.14197261E+01  0.10527413E+02
  0.19750000E+01 -0.14614032E+01  0.10593918E+02
  0.19800000E+01 -0.15064227E+01  0.10659986E+02
  0.19850000E+01 -0.15528795E+01  0.10724788E+02
  0.19900000E+01 -0.16039078E+01  0.10787696E+02
  0.19950000E+01 -0.16435275E+01  0.10852008E+02
  0.20000000E+01 -0.16708463E+01  0.10923665E+02
  0.20050000E+01 -0.17088481E+01  0.10994838E+02
  0.20100000E+01 -0.17506104E+01  0.11065986E+02
  0.20150000E+01 -0.17955334E+01  0.11137151E+02
  0.20200000E+01 -0.18449932E+01  0.11208075E+02
  0.20250000E+01 -0.18994523E+01  0.11278340E+02
  0.20300000E+01 -0.19589833E+01  0.11347548E+02
  0.20350000E+01 -0.20225743E+01  0.11415458E+02
  0.20400000E+01 -0.20887565E+01  0.11482050E+02
  0.20450000E+01 -0.21561254E+01  0.11547503E+02
  0.20500000E+01 -0.22239815E+01  0.11612079E+02
  0.20550000E+01 -0.22924771E+01  0.11675960E+02
  0.20600000E+01 -0.23624530E+01  0.11739098E+02
  0.20650000E+01 -0.24349534E+01  0.11801183E+02
  0.20700000E+01 -0.25107502E+01  0.11861764E+02
  0.20750000E+01 -0.25900557E+01  0.11920493E+02
  0.20800000E+01 -0.26725251E+01  0.11977301E+02
  0.20850000E+01 -0.27574944E+01  0.12032386E+02
  0.20900000E+01 -0.28443130E+01  0.12086013E+02
  0.20950000E+01 -0.29326156E+01  0.12138268E+02
  0.21000000E+01 -0.30224266E+01  0.12188945E+02
  0.21050000E+01 -0.31140714E+01  0.12237666E+02
  0.21100000E+01 -0.32079505E+01  0.12284108E+02
  0.21150000E+01 -0.33042931E+01  0.12328150E+02
  0.21200000E+01 -0.34030053E+01  0.12369845E+02
  0.21250000E+01 -0.35036448E+01  0.12409257E+02
  0.21300000E+01 -0.36058484E+01  0.12446316E+02
  0.21350000E+01 -0.37101186E+01  0.12480881E+02
  0.21400000E+01 -0.38134040E+01  0.12513185E+02
  0.21450000E+01 -0.39197642E+01  0.12542724E+02
  0.21500000E+01 -0.40286191E+01  0.12569409E+02
  0.21550000E+01 -0.41399418E+01  0.12593164E+02
  0.21600000E+01 -0.42534152E+01  0.12613805E+02
  0.21650000E+01 -0.43686015E+01  0.12631083E+02
  0.21700000E+01 -0.44850301E+01  0.12644800E+02
  0.21750000E+01 -0.46024316E+01  0.12654888E+02
  0.21800000E+01 -0.47207553E+01  0.12661358E+02
  0.21850000E+01 -0.48401653E+01  0.12664198E+02
  0.21900000E+01 -0.49609092E+01  0.12663314E+02
  0.21950000E+01 -0.50831568E+01  0.12658519E+02
  0.22000000E+01 -0.52068409E+01  0.12649579E+02
  0.22050000E+01 -0.53315926E+01  0.12636253E+02
  0.22100000E+01 -0.54568773E+01  0.12618358E+02
  0.22150000E+01 -0.55822698E+01  0.12595847E+02
  0.22200000E+01 -0.57076694E+01  0.12568804E+02
  0.22250000E+01 -0.58332608E+01  0.12537291E+02
  0.22300000E+01 -0.59592326E+01  0.12501149E+02
  0.22350000E+01 -0.60855149E+01  0.12460033E+02
  0.22400000E+01 -0.62118018E+01  0.12413667E+02
  0.22450000E+01 -0.63378105E+01  0.12362029E+02
  0.22500000E+01 -0.64634184E+01  0.12305162E+02
  0.22550000E+01 -0.65884325E+01  0.12242923E+02
  0.22600000E+01 -0.67123049E+01  0.12175068E+02
  0.22650000E+01 -0.68344126E+01  0.12101518E+02
  0.22700000E+01 -0.69548262E+01  0.12022258E+02
  0.22750000E+01 -0.70744617E+01  0.11937048E+02
  0.22800000E+01 -0.71939768E+01  0.11845524E+02
  0.22850000E+01 -0.73127755E+01  0.11747422E+02
  0.22900000E+01 -0.74298611E+01  0.11642447E+02
  0.22950000E+01 -0.75453985E+01  0.11530181E+02
  0.23000000E+01 -0.76601555E+01  0.11410217E+02
  0.23050000E+01 -0.77735747E+01  0.11282030E+02
  0.23100000E+01 -0.78842463E+01  0.11145007E+02
  0.23150000E+01 -0.79921676E+01  0.10998516E+02
  0.23200000E+01 -0.80983399E+01  0.10841509E+02
  0.23250000E+01 -0.82023279E+01  0.10673013E+02
  0.23300000E+01 -0.83023609E+01  0.10492061E+02
  0.23350000E+01 -0.83973578E+01  0.10297075E+02
  0.23400000E+01 -0.84864857E+01  0.10087007E+02
  0.23450000E+01 -0.85677671E+01  0.98604603E+01
  0.23500000E+01 -0.86379022E+01  0.96159254E+01
  0.23550000E+01 -0.86921839E+01  0.93522624E+01
  0.23600000E+01 -0.87221957E+01  0.90679325E+01
  0.23650000E+01 -0.87447696E+01  0.87584046E+01
  0.23700000E+01 -0.87202401E+01  0.84268801E+01
  0.23750000E+01 -0.86434538E+01  0.80747637E+01
  0.23800000E+01 -0.85017216E+01  0.77045297E+01
  0.23850000E+01 -0.82749151E+01  0.73211363E+01
  0.23900000E+01 -0.79318589E+01  0.69337908E+01
  0.23950000E+01 -0.74232080E+01  0.65584296E+01
  0.24000000E+01 -0.66488161E+01  0.62240937E+01
  0.24050000E+01 -0.54435892E+01  0.59882182E+01
  0.24100000E+01 -0.37633830E+01  0.59850912E+01
  0.24150000E+01 -0.11694332E+01  0.66537156E+01
  0.24200000E+01  0.56457190E+01  0.10323388E+02
  0.24250000E+01  0.54002215E+01  0.14765122E+02
  0.24300000E+01 -0.13573178E+02  0.12056285E+02
  0.24350000E+01 -0.54927608E+01  0.82549221E+01
  0.24400000E+01 -0.55866875E+01  0.84694243E+01
  0.24450000E+01 -0.52046025E+01  0.74529947E+01
  0.24500000E+01 -0.59616323E+01  0.55369443E+01
  0.24550000E+01  0.91236723E+01  0.39172641E+01
  0.24600000E+01  0.21706528E+02  0.10227162E+02
  0.24650000E+01  0.97128188E+01  0.15810285E+02
  0.24700000E+01  0.75153812E+01  0.17473038E+02
  0.24750000E+01 -0.48648424E+01  0.18824769E+02
  0.24800000E+01  0.13445488E+02  0.20132022E+02
  0.24850000E+01 -0.16672620E+01  0.18649315E+02
  0.24900000E+01 -0.15339760E+01  0.18621604E+02
  0.24950000E+01 -0.15656606E+01  0.19075452E+02
  0.25000000E+01 -0.30164855E+01  0.19765300E+02
  0.25050000E+01 -0.44574221E+01  0.19547654E+02
  0.25100000E+01 -0.47693891E+01  0.19204787E+02
  0.25150000E+01 -0.40078696E+01  0.19047067E+02
  0.25200000E+01 -0.22397158E+01  0.19477801E+02
  0.25250000E+01 -0.18773894E+01  0.20613981E+02
  0.25300000E+01 -0.39352963E+01  0.21678153E+02
  0.25350000E+01 -0.61057812E+01  0.22189089E+02
  0.25400000E+01 -0.79817296E+01  0.22369000E+02
  0.25450000E+01 -0.97250571E+01  0.22352853E+02
  0.25500000E+01 -0.11780300E+02  0.22076965E+02
  0.25550000E+01 -0.15204541E+02  0.21070988E+02
  0.25600000E+01 -0.15198025E+02  0.19972089E+02
  0.25650000E+01 -0.15942324E+02  0.19221553E+02
  0.25700000E+01 -0.16022783E+02  0.18581206E+02
  0.25750000E+01 -0.15946748E+02  0.18042394E+02
  0.25800000E+01 -0.15894789E+02  0.17565317E+02
  0.25850000E+01 -0.15806479E+02  0.17139343E+02
  0.25900000E+01 -0.15745344E+02  0.16756602E+02
  0.25950000E+01 -0.15688273E+02  0.16410850E+02
  0.26000000E+01 -0.15632551E+02  0.16096887E+02
  0.26050000E+01 -0.15580749E+02  0.15810329E+02
  0.26100000E+01 -0.15533650E+02  0.15547594E+02
  0.26150000E+01 -0.15491947E+02  0.15305593E+02
  0.26200000E+01 -0.15455110E+02  0.15081685E+02
  0.26250000E+01 -0.15422067E+02  0.14873596E+02
  0.26300000E+01 -0.15393343E+02  0.14679243E+02
  0.26350000E+01 -0.15370164E+02  0.14496800E+02
  0.26400000E+01 -0.15352883E+02  0.14324647E+02
  0.26450000E+01 -0.15341118E+02  0.14161296E+02
  0.26500000E+01 -0.15334558E+02  0.14005465E+02
  0.26550000E+01 -0.15333276E+02  0.13856006E+02
  0.26600000E+01 -0.15337552E+02  0.13711815E+02
  0.26650000E+01 -0.15347632E+02  0.13571897E+02
  0.26700000E+01 -0.15363652E+02  0.13435312E+02
  0.26750000E+01 -0.15385653E+02  0.13301144E+02
  0.26800000E+01 -0.15413519E+02  0.13168560E+02
  0.26850000E+01 -0.15446872E+02  0.13036839E+02
  0.26900000E+01 -0.15485036E+02  0.12905252E+02
  0.26950000E+01 -0.15527129E+02  0.12773099E+02
  0.27000000E+01 -0.15572236E+02  0.12639759E+02
  0.27050000E+01 -0.15619611E+02  0.12504580E+02
  0.27100000E+01 -0.15668786E+02  0.12366790E+02
  0.27150000E+01 -0.15719708E+02  0.12225465E+02
  0.27200000E+01 -0.15774135E+02  0.12079174E+02
  0.27250000E+01 -0.15846296E+02  0.11922514E+02
  0.27300000E+01 -0.15892580E+02  0.11754208E+02
  0.27350000E+01 -0.15946078E+02  0.11579467E+02
  0.27400000E+01 -0.15999692E+02  0.11391321E+02
  0.27450000E+01 -0.15998856E+02  0.11199005E+02
  0.27500000E+01 -0.15948814E+02  0.11032406E+02
  0.27550000E+01 -0.15878546E+02  0.10890266E+02
  0.27600000E+01 -0.15813331E+02  0.10761773E+02
  0.27650000E+01 -0.15750970E+02  0.10643225E+02
  0.27700000E+01 -0.15693875E+02  0.10532595E+02
  0.27750000E+01 -0.15638738E+02  0.10428472E+02
  0.27800000E+01 -0.15586664E+02  0.10329685E+02
  0.27850000E+01 -0.15536903E+02  0.10235199E+02
  0.27900000E+01 -0.15489620E+02  0.10144100E+02
  0.27950000E+01 -0.15445550E+02  0.10055515E+02
  0.28000000E+01 -0.15403371E+02  0.99687560E+01
  0.28050000E+01 -0.15361500E+02  0.98834255E+01
  0.28100000E+01 -0.15319292E+02  0.97990737E+01
  0.28150000E+01 -0.15275996E+02  0.97153342E+01
  0.28200000E+01 -0.15232071E+02  0.96317900E+01
  0.28250000E+01 -0.15190774E+02  0.95477055E+01
  0.28300000E+01 -0.15155402E+02  0.94617083E+01
  0.28350000E+01 -0.15116248E+02  0.93718087E+01
  0.28400000E+01 -0.15133688E+02  0.92821052E+01
  0.28450000E+01 -0.14802123E+02  0.92670932E+01
  0.28500000E+01 -0.14681675E+02  0.92495947E+01
  0.28550000E+01 -0.14601196E+02  0.92290267E+01
  0.28600000E+01 -0.14538367E+02  0.92049026E+01
  0.28650000E+01 -0.14482727E+02  0.91775533E+01
  0.28700000E+01 -0.14434991E+02  0.91477225E+01
  0.28750000E+01 -0.14380210E+02  0.91173808E+01
  0.28800000E+01 -0.14328542E+02  0.90904975E+01
  0.28850000E+01 -0.14268087E+02  0.90713375E+01
  0.28900000E+01 -0.14240838E+02  0.90600625E+01
  0.28950000E+01 -0.14254318E+02  0.90508318E+01
  0.29000000E+01 -0.14290977E+02  0.90303774E+01
  0.29050000E+01 -0.14320865E+02  0.89937462E+01
  0.29100000E+01 -0.14328340E+02  0.89482034E+01
  0.29150000E+01 -0.14321601E+02  0.89019051E+01
  0.29200000E+01 -0.14307549E+02  0.88586726E+01
  0.29250000E+01 -0.14290086E+02  0.88194086E+01
  0.29300000E+01 -0.14272049E+02  0.87838945E+01
  0.29350000E+01 -0.14254936E+02  0.87515926E+01
  0.29400000E+01 -0.14240257E+02  0.87219498E+01
  0.29450000E+01 -0.14229064E+02  0.86944320E+01
  0.29500000E+01 -0.14221686E+02  0.86685637E+01
  0.29550000E+01 -0.14217310E+02  0.86438974E+01
  0.29600000E+01 -0.14214320E+02  0.86200374E+01
  0.29650000E+01 -0.14210981E+02  0.85966495E+01
  0.29700000E+01 -0.14206821E+02  0.85735040E+01
  0.29750000E+01 -0.14203309E+02  0.85503981E+01
  0.29800000E+01 -0.14203490E+02  0.85270681E+01
  0.29850000E+01 -0.14210263E+02  0.85031747E+01
  0.29900000E+01 -0.14224336E+02  0.84783751E+01
  0.29950000E+01 -0.14243563E+02  0.84523912E+01
  0.30000000E+01 -0.14263902E+02  0.84250125E+01
  0.30050000E+01 -0.14282281E+02  0.83960710E+01
  0.30100000E+01 -0.14297940E+02  0.83654018E+01
  0.30150000E+01 -0.14313106E+02  0.83329252E+01
  0.30200000E+01 -0.14333075E+02  0.82994425E+01
  0.30250000E+01 -0.14462622E+02  0.82442532E+01
  0.30300000E+01 -0.14320957E+02  0.81835857E+01
  0.30350000E+01 -0.14316579E+02  0.81523264E+01
  0.30400000E+01 -0.14320793E+02  0.81269847E+01
  0.30450000E+01 -0.14333473E+02  0.81037182E+01
  0.30500000E+01 -0.14353087E+02  0.80811074E+01
  0.30550000E+01 -0.14377809E+02  0.80585022E+01
  0.30600000E+01 -0.14406527E+02  0.80356043E+01
  0.30650000E+01 -0.14438460E+02  0.80122947E+01
  0.30700000E+01 -0.14473799E+02  0.79885413E+01
  0.30750000E+01 -0.14517723E+02  0.79643850E+01
  0.30800000E+01 -0.14582329E+02  0.79398822E+01
  0.30850000E+01 -0.14638018E+02  0.79148058E+01
  0.30900000E+01 -0.14630158E+02  0.78859571E+01
  0.30950000E+01 -0.14909911E+02  0.78157498E+01
  0.31000000E+01 -0.15099990E+02  0.77229324E+01
  0.31050000E+01 -0.15205390E+02  0.76226853E+01
  0.31100000E+01 -0.15325989E+02  0.75145786E+01
  0.31150000E+01 -0.15441767E+02  0.73978405E+01
  0.31200000E+01 -0.15550581E+02  0.72721860E+01
  0.31250000E+01 -0.15611396E+02  0.71416353E+01
  0.31300000E+01 -0.15666579E+02  0.70037580E+01
  0.31350000E+01 -0.15716213E+02  0.68558180E+01
  0.31400000E+01 -0.15753299E+02  0.66976228E+01
  0.31450000E+01 -0.15768082E+02  0.65299457E+01
  0.31500000E+01 -0.15757573E+02  0.63542211E+01
  0.31550000E+01 -0.15716565E+02  0.61728684E+01
  0.31600000E+01 -0.15639346E+02  0.59893338E+01
  0.31650000E+01 -0.15523138E+02  0.58083935E+01
  0.31700000E+01 -0.15366660E+02  0.56363918E+01
  0.31750000E+01 -0.15172016E+02  0.54813920E+01
  0.31800000E+01 -0.14948073E+02  0.53531925E+01
  0.31850000E+01 -0.14717086E+02  0.52622615E+01
  0.31900000E+01 -0.14520497E+02  0.52161697E+01
  0.31950000E+01 -0.14405363E+02  0.52120414E+01
  0.32000000E+01 -0.14399310E+02  0.52269195E+01
  0.32050000E+01 -0.14419309E+02  0.52289458E+01
  0.32100000E+01 -0.14362440E+02  0.52579728E+01
  0.32150000E+01 -0.14400944E+02  0.53646695E+01
  0.32200000E+01 -0.15545315E+02  0.54355205E+01
  0.32250000E+01 -0.16083872E+02  0.51100431E+01
  0.32300000E+01 -0.14974038E+02  0.47202236E+01
  0.32350000E+01 -0.14321692E+02  0.45152716E+01
  0.32400000E+01 -0.14149485E+02  0.43997670E+01
  0.32450000E+01 -0.14115468E+02  0.43226018E+01
  0.32500000E+01 -0.14106328E+02  0.42543530E+01
  0.32550000E+01 -0.14049761E+02  0.41670295E+01
  0.32600000E+01 -0.13998288E+02  0.40739413E+01
  0.32650000E+01 -0.13947300E+02  0.39725232E+01
  0.32700000E+01 -0.13897699E+02  0.38594372E+01
  0.32750000E+01 -0.13846546E+02  0.37303339E+01
  0.32800000E+01 -0.13796854E+02  0.35788819E+01
  0.32850000E+01 -0.13772739E+02  0.33959793E+01
  0.32900000E+01 -0.13826390E+02  0.31670762E+01
  0.32950000E+01 -0.13965245E+02  0.28679044E+01
  0.33000000E+01 -0.13955474E+02  0.24549829E+01
  0.33050000E+01 -0.12490612E+02  0.19033318E+01
  0.33100000E+01 -0.12606176E+02  0.15676154E+01
  0.33150000E+01 -0.76924568E+01 -0.10807169E+01
  0.33200000E+01 -0.52277719E+01  0.20464271E+01
  0.33250000E+01 -0.93991705E+01  0.43830739E+01
  0.33300000E+01 -0.10686214E+02  0.45875445E+01
  0.33350000E+01 -0.11307822E+02  0.45575595E+01
  0.33400000E+01 -0.11581576E+02  0.44987138E+01
  0.33450000E+01 -0.12527746E+02  0.43983161E+01
  0.33500000E+01 -0.13656130E+02  0.37913461E+01
  0.33550000E+01 -0.95525882E+01  0.21675722E+01
  0.33600000E+01 -0.86458164E+01  0.23230238E+01
  0.33650000E+01 -0.86875886E+01  0.26940153E+01
  0.33700000E+01 -0.88330479E+01  0.29561367E+01
  0.33750000E+01 -0.87215563E+01  0.30973702E+01
  0.33800000E+01 -0.81935389E+01  0.32378704E+01
  0.33850000E+01 -0.75078272E+01  0.34037816E+01
  0.33900000E+01 -0.72613836E+01  0.37346867E+01
  0.33950000E+01 -0.74469894E+01  0.40693379E+01
  0.34000000E+01 -0.77112014E+01  0.43687119E+01
  0.34050000E+01 -0.82529982E+01  0.45306847E+01
  0.34100000E+01 -0.77721586E+01  0.45774137E+01
  0.34150000E+01 -0.67571141E+01  0.47181652E+01
  0.34200000E+01 -0.61892908E+01  0.49284328E+01
  0.34250000E+01 -0.62781934E+01  0.51485505E+01
  0.34300000E+01 -0.61431894E+01  0.53708452E+01
  0.34350000E+01 -0.61033307E+01  0.56005552E+01
  0.34400000E+01 -0.59158620E+01  0.58511276E+01
  0.34450000E+01 -0.56034651E+01  0.61797403E+01
  0.34500000E+01 -0.57682990E+01  0.65346947E+01
  0.34550000E+01 -0.62849795E+01  0.68044102E+01
  0.34600000E+01 -0.67732954E+01  0.69407670E+01
  0.34650000E+01 -0.67827247E+01  0.70100948E+01
  0.34700000E+01 -0.66028134E+01  0.71272855E+01
  0.34750000E+01 -0.65471059E+01  0.72727757E+01
  0.34800000E+01 -0.65782607E+01  0.74345356E+01
  0.34850000E+01 -0.63690230E+01  0.76156894E+01
  0.34900000E+01 -0.63717278E+01  0.78168265E+01
  0.34950000E+01 -0.66303191E+01  0.79156631E+01
  0.35000000E+01 -0.67289289E+01  0.80526290E+01
  0.35050000E+01 -0.67406106E+01  0.81983821E+01
  0.35100000E+01 -0.67168271E+01  0.83518874E+01
  0.35150000E+01 -0.69827672E+01  0.84938033E+01
  0.35200000E+01 -0.71531118E+01  0.85991839E+01
  0.35250000E+01 -0.71968903E+01  0.87276662E+01
  0.35300000E+01 -0.72670308E+01  0.88616565E+01
  0.35350000E+01 -0.73307080E+01  0.89987513E+01
  0.35400000E+01 -0.74093654E+01  0.91376942E+01
  0.35450000E+01 -0.75002457E+01  0.92776960E+01
  0.35500000E+01 -0.76044431E+01  0.94180131E+01
  0.35550000E+01 -0.77287241E+01  0.95575793E+01
  0.35600000E+01 -0.78770316E+01  0.96947057E+01
  0.35650000E+01 -0.80545267E+01  0.98270388E+01
  0.35700000E+01 -0.82711212E+01  0.99514942E+01
  0.35750000E+01 -0.85431249E+01  0.10065942E+02
  0.35800000E+01 -0.90256911E+01  0.10196781E+02
  0.35850000E+01 -0.10183880E+02  0.97614215E+01
  0.35900000E+01 -0.87243859E+01  0.95093617E+01
  0.35950000E+01 -0.89773227E+01  0.93902356E+01
  0.36000000E+01 -0.85777027E+01  0.93406349E+01
  0.36050000E+01 -0.82378341E+01  0.92426162E+01
  0.36100000E+01 -0.72357193E+01  0.94136257E+01
  0.36150000E+01 -0.73115096E+01  0.98331574E+01
  0.36200000E+01 -0.76040641E+01  0.10129279E+02
  0.36250000E+01 -0.77265755E+01  0.10375032E+02
  0.36300000E+01 -0.78348068E+01  0.10617273E+02
  0.36350000E+01 -0.79590187E+01  0.10860502E+02
  0.36400000E+01 -0.81817708E+01  0.11061030E+02
  0.36450000E+01 -0.86748555E+01  0.11113274E+02
  0.36500000E+01 -0.91417701E+01  0.10950362E+02
  0.36550000E+01 -0.75521996E+01  0.11072680E+02
  0.36600000E+01 -0.84873137E+01  0.11453645E+02
  0.36650000E+01 -0.89008129E+01  0.11456193E+02
  0.36700000E+01 -0.86371886E+01  0.11696868E+02
  0.36750000E+01 -0.90968145E+01  0.12001508E+02
  0.36800000E+01 -0.95707129E+01  0.12162308E+02
  0.36850000E+01 -0.99711871E+01  0.12248542E+02
  0.36900000E+01 -0.10267216E+02  0.12304514E+02
  0.36950000E+01 -0.10496100E+02  0.12352445E+02
  0.37000000E+01 -0.10860405E+02  0.12383248E+02
  0.37050000E+01 -0.11081303E+02  0.12296437E+02
  0.37100000E+01 -0.11131269E+02  0.12308067E+02
  0.37150000E+01 -0.11092065E+02  0.12368085E+02
  0.37200000E+01 -0.11014962E+02  0.12471419E+02
  0.37250000E+01 -0.11068002E+02  0.12547486E+02
  0.37300000E+01 -0.91498415E+01  0.12699356E+02
  0.37350000E+01 -0.83794992E+01  0.13585589E+02
  0.37400000E+01 -0.94073374E+01  0.14619031E+02
  0.37450000E+01 -0.10825415E+02  0.15508358E+02
  0.37500000E+01 -0.10939695E+02  0.16355356E+02
  0.37550000E+01 -0.13043463E+02  0.16978282E+02
  0.37600000E+01 -0.15323728E+02  0.16698884E+02
  0.37650000E+01 -0.17498140E+02  0.15937800E+02
  0.37700000E+01 -0.18725410E+02  0.15147292E+02
  0.37750000E+01 -0.18005037E+02  0.15269528E+02
  0.37800000E+01 -0.20200946E+02  0.14901400E+02
  0.37850000E+01 -0.22320294E+02  0.13207607E+02
  0.37900000E+01 -0.19850907E+02  0.12714156E+02
  0.37950000E+01 -0.17742727E+02  0.11567651E+02
  0.38000000E+01 -0.18866946E+02  0.12433009E+02
  0.38050000E+01 -0.19657568E+02  0.12476674E+02
  0.38100000E+01 -0.20381313E+02  0.12301850E+02
  0.38150000E+01 -0.21089647E+02  0.12038720E+02
  0.38200000E+01 -0.22650449E+02  0.11635911E+02
  0.38250000E+01 -0.24490397E+02  0.10994639E+02
  0.38300000E+01 -0.29994855E+02  0.92569848E+01
  0.38350000E+01 -0.29662455E+02  0.77981059E+01
  0.38400000E+01 -0.33567518E+02  0.72301246E+01
  0.38450000E+01 -0.42964190E+02 -0.46228088E+00
  0.38500000E+01 -0.39576569E+02 -0.89379870E+01
  0.38550000E+01 -0.30306973E+02 -0.11011117E+02
  0.38600000E+01 -0.23852709E+02 -0.12131591E+02
  0.38650000E+01 -0.15578595E+02 -0.11853770E+02
  0.38700000E+01 -0.55499709E+01 -0.71064716E+01
  0.38750000E+01 -0.30822600E+01 -0.48112036E+01
  0.38800000E+01 -0.81858307E+00 -0.22161272E+01
  0.38850000E+01 -0.50829894E+01 -0.59062831E+00
  0.38900000E+01 -0.19281753E+01 -0.22305522E+00
  0.38950000E+01 -0.43487774E+00  0.12299138E+01
  0.39000000E+01  0.44654766E+01  0.39984858E+01
  0.39050000E+01  0.36419195E+01  0.68550673E+01
  0.39100000E+01  0.15907475E+01  0.83728398E+01
  0.39150000E+01 -0.13081693E+01  0.88390579E+01
  0.39200000E+01 -0.23667139E+01  0.85297459E+01
  0.39250000E+01 -0.17029742E+01  0.85077042E+01
  0.39300000E+01 -0.22156552E+01  0.89465456E+01
  0.39350000E+01  0.74539367E+00  0.88293555E+01
  0.39400000E+01 -0.66915263E+00  0.11459024E+02
  0.39450000E+01 -0.36436513E+01  0.12795287E+02
  0.39500000E+01 -0.57796363E+01  0.13224927E+02
  0.39550000E+01 -0.64337607E+01  0.13476502E+02
  0.39600000E+01 -0.65760231E+01  0.13832712E+02
  0.39650000E+01 -0.65756579E+01  0.14195200E+02
  0.39700000E+01 -0.89999728E+01  0.14246640E+02
  0.39750000E+01 -0.10720214E+02  0.14075081E+02
  0.39800000E+01 -0.11876218E+02  0.13873217E+02
  0.39850000E+01 -0.89861304E+01  0.14384787E+02
  0.39900000E+01 -0.13774480E+02  0.13532401E+02
  0.39950000E+01 -0.15735679E+02  0.12583499E+02
  0.40000000E+01 -0.17305498E+02  0.11515696E+02
  0.40050000E+01 -0.18361279E+02  0.10122677E+02
  0.40100000E+01 -0.17304025E+02  0.91621970E+01
  0.40150000E+01 -0.15979058E+02  0.85061939E+01
  0.40200000E+01 -0.14437252E+02  0.81232591E+01
  0.40250000E+01 -0.11523663E+02  0.82419179E+01
  0.40300000E+01 -0.83374902E+01  0.92944368E+01
  0.40350000E+01 -0.86717554E+01  0.10568683E+02
  0.40400000E+01 -0.10544973E+02  0.11292537E+02
  0.40450000E+01 -0.13125920E+02  0.11282078E+02
  0.40500000E+01 -0.13133377E+02  0.11152309E+02
  0.40550000E+01 -0.14051196E+02  0.11333487E+02
  0.40600000E+01 -0.14253497E+02  0.11229287E+02
  0.40650000E+01 -0.14298907E+02  0.11110952E+02
  0.40700000E+01 -0.14261744E+02  0.11059888E+02
  0.40750000E+01 -0.14078025E+02  0.11084357E+02
  0.40800000E+01 -0.13940313E+02  0.11189479E+02
  0.40850000E+01 -0.13838992E+02  0.11352006E+02
  0.40900000E+01 -0.13841795E+02  0.11531467E+02
  0.40950000E+01 -0.13924270E+02  0.11737637E+02
  0.41000000E+01 -0.14113074E+02  0.11972020E+02
  0.41050000E+01 -0.14439769E+02  0.12215190E+02
  0.41100000E+01 -0.14863000E+02  0.12433713E+02
  0.41150000E+01 -0.15326272E+02  0.12608230E+02
  0.41200000E+01 -0.15799747E+02  0.12763417E+02
  0.41250000E+01 -0.16597933E+02  0.12907604E+02
  0.41300000E+01 -0.17434658E+02  0.12941874E+02
  0.41350000E+01 -0.18507640E+02  0.12881972E+02
  0.41400000E+01 -0.20171877E+02  0.12639418E+02
  0.41450000E+01 -0.22036866E+02  0.11977011E+02
  0.41500000E+01 -0.26227570E+02  0.99782055E+01
  0.41550000E+01 -0.24637332E+02  0.75854566E+01
  0.41600000E+01 -0.21585386E+02  0.71005050E+01
  0.41650000E+01 -0.21208263E+02  0.71990502E+01
  0.41700000E+01 -0.22595710E+02  0.66137579E+01
  0.41750000E+01 -0.22239192E+02  0.59094101E+01
  0.41800000E+01 -0.22020617E+02  0.53037344E+01
  0.41850000E+01 -0.21920172E+02  0.47267593E+01
  0.41900000E+01 -0.21862841E+02  0.41648495E+01
  0.41950000E+01 -0.22838141E+02  0.33567790E+01
  0.42000000E+01 -0.25109824E+02  0.14022189E+01
  0.42050000E+01 -0.27061458E+02 -0.31026821E+01
  0.42100000E+01 -0.17784319E+02 -0.45699984E+01
  0.42150000E+01 -0.70496759E+01 -0.11826932E+01
  0.42200000E+01 -0.75212079E+01  0.19163282E+01
  0.42250000E+01 -0.10852015E+02  0.35720838E+01
  0.42300000E+01 -0.12378467E+02  0.36348678E+01
  0.42350000E+01 -0.13154324E+02  0.32780912E+01
  0.42400000E+01 -0.13049517E+02  0.27857487E+01
  0.42450000E+01 -0.13707757E+02  0.22663508E+01
  0.42500000E+01 -0.14219397E+02  0.18116865E+01
  0.42550000E+01 -0.85466883E+01  0.24243430E+01
  0.42600000E+01 -0.71734902E+01  0.39613267E+01
  0.42650000E+01 -0.76461547E+01  0.54459358E+01
  0.42700000E+01 -0.10033244E+02  0.72910935E+01
  0.42750000E+01 -0.17096771E+02  0.74914805E+01
  0.42800000E+01 -0.13834021E+02  0.38605454E+01
  0.42850000E+01 -0.65739008E+01  0.14693276E+01
  0.42900000E+01 -0.55984087E+01  0.29077757E+01
  0.42950000E+01 -0.55243865E+01  0.39712448E+01
  0.43000000E+01 -0.53171956E+01  0.47841445E+01
  0.43050000E+01 -0.50970789E+01  0.54878230E+01
  0.43100000E+01 -0.49249193E+01  0.61264307E+01
  0.43150000E+01 -0.48070394E+01  0.67162000E+01
  0.43200000E+01 -0.47291916E+01  0.72670823E+01
  0.43250000E+01 -0.46183562E+01  0.77916442E+01
  0.43300000E+01 -0.47575492E+01  0.83339660E+01
  0.43350000E+01 -0.50306861E+01  0.88364844E+01
  0.43400000E+01 -0.53886517E+01  0.92183888E+01
  0.43450000E+01 -0.56079871E+01  0.95118772E+01
  0.43500000E+01 -0.57778769E+01  0.97675129E+01
  0.43550000E+01 -0.59009208E+01  0.10019772E+02
  0.43600000E+01 -0.60161669E+01  0.10285448E+02
  0.43650000E+01 -0.61944458E+01  0.10506297E+02
  0.43700000E+01 -0.63584595E+01  0.10712850E+02
  0.43750000E+01 -0.65205934E+01  0.10925129E+02
  0.43800000E+01 -0.72011760E+01  0.11121238E+02
  0.43850000E+01 -0.72715487E+01  0.11117802E+02
  0.43900000E+01 -0.69657680E+01  0.11172945E+02
  0.43950000E+01 -0.70498071E+01  0.11288345E+02
  0.44000000E+01 -0.71523778E+01  0.11420564E+02
  0.44050000E+01 -0.74150581E+01  0.11528467E+02
  0.44100000E+01 -0.76629241E+01  0.11575835E+02
  0.44150000E+01 -0.80558183E+01  0.11611357E+02
  0.44200000E+01 -0.83494050E+01  0.11549349E+02
  0.44250000E+01 -0.83860343E+01  0.11306816E+02
  0.44300000E+01 -0.85809260E+01  0.10728506E+02
  0.44350000E+01 -0.75259571E+01  0.94816363E+01
  0.44400000E+01 -0.44930604E+01  0.91288922E+01
  0.44450000E+01 -0.20793472E+01  0.10535400E+02
  0.44500000E+01 -0.37234311E+01  0.12049228E+02
  0.44550000E+01 -0.58566580E+01  0.11915830E+02
  0.44600000E+01 -0.31926062E+01  0.12098310E+02
  0.44650000E+01 -0.10697584E+01  0.13624904E+02
  0.44700000E+01 -0.54292406E+00  0.14874748E+02
  0.44750000E+01 -0.48897137E+00  0.16026120E+02
  0.44800000E+01 -0.13476259E+01  0.16867217E+02
  0.44850000E+01 -0.17140663E+01  0.17475468E+02
  0.44900000E+01 -0.12216042E+01  0.18229970E+02
  0.44950000E+01 -0.93273408E+00  0.19198216E+02
  0.45000000E+01 -0.12360786E+01  0.20240034E+02
  0.45050000E+01  0.25349578E+00  0.21309085E+02
  0.45100000E+01 -0.27019095E+01  0.21731305E+02
  0.45150000E+01 -0.29780470E+01  0.22937520E+02
  0.45200000E+01 -0.45565622E+01  0.24167959E+02
  0.45250000E+01 -0.68106094E+01  0.25047691E+02
  0.45300000E+01 -0.10192587E+02  0.25005443E+02
  0.45350000E+01 -0.12738562E+02  0.23928047E+02
  0.45400000E+01 -0.23520616E+02  0.20604378E+02
  0.45450000E+01 -0.26345240E+02  0.16706269E+02
  0.45500000E+01 -0.21731691E+02  0.14909010E+02
  0.45550000E+01 -0.15214148E+02  0.15564218E+02
  0.45600000E+01 -0.14338966E+02  0.15811431E+02
  0.45650000E+01 -0.13640741E+02  0.15961936E+02
  0.45700000E+01 -0.13743192E+02  0.16193106E+02
  0.45750000E+01 -0.13901375E+02  0.16424762E+02
  0.45800000E+01 -0.12918123E+02  0.16933712E+02
  0.45850000E+01 -0.14751739E+02  0.16746831E+02
  0.45900000E+01 -0.15886458E+02  0.16453815E+02
  0.45950000E+01 -0.11847813E+02  0.17215620E+02
  0.46000000E+01 -0.14613552E+02  0.16577168E+02
  0.46050000E+01 -0.14545073E+02  0.16759849E+02
  0.46100000E+01 -0.12877037E+02  0.17736526E+02
  0.46150000E+01 -0.11416775E+02  0.18924300E+02
  0.46200000E+01 -0.10504065E+02  0.20403222E+02
  0.46250000E+01 -0.76663074E+01  0.22165056E+02
  0.46300000E+01 -0.89239949E+01  0.22984456E+02
  0.46350000E+01 -0.48604071E+01  0.26110494E+02
  0.46400000E+01  0.52748195E+01  0.31973679E+02
  0.46450000E+01 -0.36892712E+01  0.37560377E+02
  0.46500000E+01 -0.10614148E+02  0.37592294E+02
  0.46550000E+01 -0.10428324E+02  0.38823047E+02
  0.46600000E+01 -0.17847487E+02  0.39316404E+02
  0.46650000E+01 -0.31108087E+02  0.39578542E+02
  0.46700000E+01 -0.40074111E+02  0.36742291E+02
  0.46750000E+01 -0.51677236E+02  0.32433078E+02
  0.46800000E+01 -0.56535447E+02  0.25863060E+02
  0.46850000E+01 -0.60173977E+02  0.21967922E+02
  0.46900000E+01 -0.72579193E+02  0.12621094E+02
  0.46950000E+01 -0.47436957E+02 -0.28302312E+01
  0.47000000E+01 -0.39350376E+02 -0.15473026E+01
  0.47050000E+01 -0.29416590E+02  0.98876759E+00
  0.47100000E+01 -0.33280316E+02  0.69283104E+00
  0.47150000E+01 -0.22715566E+02 -0.30852071E+01
  0.47200000E+01 -0.16642039E+02 -0.11597130E+01
  0.47250000E+01 -0.17210093E+02  0.86476094E+00
  0.47300000E+01 -0.15611070E+02  0.21774501E+01
  0.47350000E+01 -0.13723755E+02  0.41219225E+01
  0.47400000E+01 -0.14067276E+02  0.60361451E+01
  0.47450000E+01 -0.17530052E+02  0.79377943E+01
  0.47500000E+01 -0.17554929E+02  0.89231137E+01
  0.47550000E+01 -0.18015542E+02  0.85516706E+01
  0.47600000E+01 -0.17780732E+02  0.79929799E+01
  0.47650000E+01 -0.13506757E+02  0.78591486E+01
  0.47700000E+01 -0.12148939E+02  0.96982820E+01
  0.47750000E+01 -0.10399351E+02  0.10606388E+02
  0.47800000E+01 -0.88846979E+01  0.11982229E+02
  0.47850000E+01 -0.76177070E+01  0.13196663E+02
  0.47900000E+01 -0.74529994E+01  0.14290007E+02
  0.47950000E+01 -0.85410564E+01  0.14800300E+02
  0.48000000E+01 -0.66093803E+01  0.14734772E+02
  0.48050000E+01 -0.50005726E+01  0.17461520E+02
  0.48100000E+01 -0.51169937E+01  0.19015402E+02
  0.48150000E+01 -0.29615021E+01  0.20781161E+02
  0.48200000E+01 -0.67406951E+01  0.21532883E+02
  0.48250000E+01 -0.79145086E+01  0.22345906E+02
  0.48300000E+01 -0.95615767E+01  0.23406558E+02
  0.48350000E+01 -0.11584574E+02  0.24210464E+02
  0.48400000E+01 -0.17502335E+02  0.21424842E+02
  0.48450000E+01 -0.14442185E+02  0.23746166E+02
  0.48500000E+01 -0.16546170E+02  0.24384138E+02
  0.48550000E+01 -0.20344127E+02  0.24793663E+02
  0.48600000E+01 -0.33879064E+02  0.22018578E+02
  0.48650000E+01 -0.23051486E+02  0.90403828E+01
  0.48700000E+01 -0.16347452E+02  0.13441776E+02
  0.48750000E+01 -0.17293147E+02  0.14281140E+02
  0.48800000E+01 -0.17309322E+02  0.14307010E+02
  0.48850000E+01 -0.16181557E+02  0.14197426E+02
  0.48900000E+01 -0.14858676E+02  0.15164059E+02
  0.48950000E+01 -0.15316885E+02  0.15968602E+02
  0.49000000E+01 -0.15007565E+02  0.16391404E+02
  0.49050000E+01 -0.14740430E+02  0.16770560E+02
  0.49100000E+01 -0.14350668E+02  0.17638954E+02
  0.49150000E+01 -0.15638158E+02  0.18507765E+02
  0.49200000E+01 -0.16068671E+02  0.19085556E+02
  0.49250000E+01 -0.17917443E+02  0.18793353E+02
  0.49300000E+01 -0.16831699E+02  0.18553836E+02
  0.49350000E+01 -0.16992775E+02  0.18717624E+02
  0.49400000E+01 -0.17095250E+02  0.18539212E+02
  0.49450000E+01 -0.18071941E+02  0.17665704E+02
  0.49500000E+01 -0.18645270E+02  0.16162031E+02
  0.49550000E+01 -0.15708309E+02  0.15882511E+02
  0.49600000E+01 -0.13614604E+02  0.16073890E+02
  0.49650000E+01 -0.86144105E+01  0.16991920E+02
  0.49700000E+01 -0.36935733E+01  0.19739969E+02
  0.49750000E+01  0.47369597E+01  0.26003069E+02
  0.49800000E+01  0.10597501E+01  0.31476116E+02
  0.49850000E+01 -0.69238865E+01  0.31956887E+02
  0.49900000E+01 -0.78697503E+01  0.32915330E+02
  0.49950000E+01 -0.10185936E+02  0.33871459E+02
  0.50000000E+01 -0.11906958E+02  0.33696755E+02
