  0.00000000E+00  0.32831981E-43 -0.95911399E-16
  0.50000000E-02  0.32832049E-43 -0.15291933E+01
  0.10000000E-01  0.32832254E-43 -0.30584127E+01
  0.15000000E-01  0.32832594E-43 -0.45876843E+01
  0.20000000E-01  0.32833071E-43 -0.61170344E+01
  0.25000000E-01  0.32833684E-43 -0.76464889E+01
  0.30000000E-01  0.32834433E-43 -0.91760742E+01
  0.35000000E-01  0.32835319E-43 -0.10705816E+02
  0.40000000E-01  0.32836341E-43 -0.12235741E+02
  0.45000000E-01  0.32837499E-43 -0.13765876E+02
  0.50000000E-01  0.32838793E-43 -0.15296246E+02
  0.55000000E-01  0.32840224E-43 -0.16826878E+02
  0.60000000E-01  0.32841791E-43 -0.18357798E+02
  0.65000000E-01  0.32843494E-43 -0.19889032E+02
  0.70000000E-01  0.32845333E-43 -0.21420608E+02
  0.75000000E-01  0.32847309E-43 -0.22952550E+02
  0.80000000E-01  0.32849421E-43 -0.24484887E+02
  0.85000000E-01  0.32851669E-43 -0.26017644E+02
  0.90000000E-01  0.32854054E-43 -0.27550848E+02
  0.95000000E-01  0.32856574E-43 -0.29084525E+02
  0.10000000E+00  0.32859232E-43 -0.30618704E+02
  0.10500000E+00  0.32862025E-43 -0.32153409E+02
  0.11000000E+00  0.32864955E-43 -0.33688668E+02
  0.11500000E+00  0.32868021E-43 -0.35224509E+02
  0.12000000E+00  0.32871223E-43 -0.36760957E+02
  0.12500000E+00  0.32874562E-43 -0.38298041E+02
  0.13000000E+00  0.32878037E-43 -0.39835787E+02
  0.13500000E+00  0.32881648E-43 -0.41374223E+02
  0.14000000E+00  0.32885396E-43 -0.42913376E+02
  0.14500000E+00  0.32889280E-43 -0.44453274E+02
  0.15000000E+00  0.32893301E-43 -0.45993943E+02
  0.15500000E+00  0.32897458E-43 -0.47535413E+02
  0.16000000E+00  0.32901751E-43 -0.49077711E+02
  0.16500000E+00  0.32906181E-43 -0.50620864E+02
  0.17000000E+00  0.32910747E-43 -0.52164901E+02
  0.17500000E+00  0.32915450E-43 -0.53709850E+02
  0.18000000E+00  0.32920289E-43 -0.55255739E+02
  0.18500000E+00  0.32925264E-43 -0.56802598E+02
  0.19000000E+00  0.32930376E-43 -0.58350453E+02
  0.19500000E+00  0.32935625E-43 -0.59899335E+02
  0.20000000E+00  0.32941010E-43 -0.61449271E+02
  0.20500000E+00  0.32946531E-43 -0.63000292E+02
  0.21000000E+00  0.32952189E-43 -0.64552426E+02
  0.21500000E+00  0.32957983E-43 -0.66105703E+02
  0.22000000E+00  0.32963914E-43 -0.67660151E+02
  0.22500000E+00  0.32969982E-43 -0.69215802E+02
  0.23000000E+00  0.32976186E-43 -0.70772685E+02
  0.23500000E+00  0.32982527E-43 -0.72330829E+02
  0.24000000E+00  0.32989004E-43 -0.73890266E+02
  0.24500000E+00  0.32995618E-43 -0.75451025E+02
  0.25000000E+00  0.33002369E-43 -0.77013138E+02
  0.25500000E+00  0.33009256E-43 -0.78576635E+02
  0.26000000E+00  0.33016280E-43 -0.80141548E+02
  0.26500000E+00  0.33023441E-43 -0.81707907E+02
  0.27000000E+00  0.33030738E-43 -0.83275744E+02
  0.27500000E+00  0.33038172E-43 -0.84845092E+02
  0.28000000E+00  0.33045743E-43 -0.86415981E+02
  0.28500000E+00  0.33053450E-43 -0.87988445E+02
  0.29000000E+00  0.33061295E-43 -0.89562516E+02
  0.29500000E+00  0.33069276E-43 -0.91138226E+02
  0.30000000E+00  0.33077394E-43 -0.92715610E+02
  0.30500000E+00  0.33085649E-43 -0.94294699E+02
  0.31000000E+00  0.33094040E-43 -0.95875528E+02
  0.31500000E+00  0.33102569E-43 -0.97458130E+02
  0.32000000E+00  0.33111234E-43 -0.99042540E+02
  0.32500000E+00  0.33120036E-43 -0.10062879E+03
  0.33000000E+00  0.33128976E-43 -0.10221692E+03
  0.33500000E+00  0.33138052E-43 -0.10380696E+03
  0.34000000E+00  0.33147265E-43 -0.10539895E+03
  0.34500000E+00  0.33156615E-43 -0.10699293E+03
  0.35000000E+00  0.33166102E-43 -0.10858892E+03
  0.35500000E+00  0.33175727E-43 -0.11018697E+03
  0.36000000E+00  0.33185488E-43 -0.11178711E+03
  0.36500000E+00  0.33195386E-43 -0.11338938E+03
  0.37000000E+00  0.33205422E-43 -0.11499382E+03
  0.37500000E+00  0.33215595E-43 -0.11660046E+03
  0.38000000E+00  0.33225905E-43 -0.11820935E+03
  0.38500000E+00  0.33236352E-43 -0.11982053E+03
  0.39000000E+00  0.33246936E-43 -0.12143402E+03
  0.39500000E+00  0.33257657E-43 -0.12304988E+03
  0.40000000E+00  0.33268516E-43 -0.12466814E+03
  0.40500000E+00  0.33279512E-43 -0.12628884E+03
  0.41000000E+00  0.33290646E-43 -0.12791203E+03
  0.41500000E+00  0.33301916E-43 -0.12953774E+03
  0.42000000E+00  0.33313324E-43 -0.13116602E+03
  0.42500000E+00  0.33324870E-43 -0.13279692E+03
  0.43000000E+00  0.33336553E-43 -0.13443046E+03
  0.43500000E+00  0.33348373E-43 -0.13606670E+03
  0.44000000E+00  0.33360331E-43 -0.13770569E+03
  0.44500000E+00  0.33372427E-43 -0.13934746E+03
  0.45000000E+00  0.33384660E-43 -0.14099206E+03
  0.45500000E+00  0.33397030E-43 -0.14263954E+03
  0.46000000E+00  0.33409538E-43 -0.14428994E+03
  0.46500000E+00  0.33422184E-43 -0.14594332E+03
  0.47000000E+00  0.33434968E-43 -0.14759971E+03
  0.47500000E+00  0.33447889E-43 -0.14925917E+03
  0.48000000E+00  0.33460948E-43 -0.15092176E+03
  0.48500000E+00  0.33474144E-43 -0.15258750E+03
  0.49000000E+00  0.33487479E-43 -0.15425647E+03
  0.49500000E+00  0.33500951E-43 -0.15592871E+03
  0.50000000E+00  0.33514561E-43 -0.15760427E+03
  0.50500000E+00  0.33528309E-43 -0.15928320E+03
  0.51000000E+00  0.33542195E-43 -0.16096557E+03
  0.51500000E+00  0.33556219E-43 -0.16265141E+03
  0.52000000E+00  0.33570380E-43 -0.16434080E+03
  0.52500000E+00  0.33584680E-43 -0.16603379E+03
  0.53000000E+00  0.33599118E-43 -0.16773042E+03
  0.53500000E+00  0.33613694E-43 -0.16943077E+03
  0.54000000E+00  0.33628408E-43 -0.17113490E+03
  0.54500000E+00  0.33643261E-43 -0.17284285E+03
  0.55000000E+00  0.33658252E-43 -0.17455470E+03
  0.55500000E+00  0.33673388E-43 -0.17627050E+03
  0.56000000E+00  0.33688714E-43 -0.17799032E+03
  0.56500000E+00  0.33704633E-43 -0.17971423E+03
  0.57000000E+00  0.33724559E-43 -0.18144229E+03
  0.57500000E+00  0.33776806E-43 -0.18317457E+03
  0.58000000E+00  0.34091458E-43 -0.18491114E+03
  0.58500000E+00  0.36499253E-43 -0.18665206E+03
  0.59000000E+00  0.55263286E-43 -0.18839741E+03
  0.59500000E+00  0.19918325E-42 -0.19014726E+03
  0.60000000E+00  0.12807995E-41 -0.19190168E+03
  0.60500000E+00  0.92408965E-41 -0.19366076E+03
  0.61000000E+00  0.66600417E-40 -0.19542456E+03
  0.61500000E+00  0.47128080E-39 -0.19719317E+03
  0.62000000E+00  0.32665282E-38 -0.19896666E+03
  0.62500000E+00  0.22168763E-37 -0.20074512E+03
  0.63000000E+00  0.14730274E-36 -0.20252864E+03
  0.63500000E+00  0.95824858E-36 -0.20431729E+03
  0.64000000E+00  0.61028224E-35 -0.20611117E+03
  0.64500000E+00  0.38050215E-34 -0.20791037E+03
  0.65000000E+00  0.23224545E-33 -0.20971497E+03
  0.65500000E+00  0.13876891E-32 -0.21152508E+03
  0.66000000E+00  0.81167926E-32 -0.21334078E+03
  0.66500000E+00  0.46474839E-31 -0.21516218E+03
  0.67000000E+00  0.26048805E-30 -0.21698938E+03
  0.67500000E+00  0.14291933E-29 -0.21882247E+03
  0.68000000E+00  0.76758391E-29 -0.22066157E+03
  0.68500000E+00  0.40354549E-28 -0.22250679E+03
  0.69000000E+00  0.20767906E-27 -0.22435823E+03
  0.69500000E+00  0.10462370E-26 -0.22621602E+03
  0.70000000E+00  0.51595292E-26 -0.22808026E+03
  0.70500000E+00  0.24908067E-25 -0.22995108E+03
  0.71000000E+00  0.11771431E-24 -0.23182860E+03
  0.71500000E+00  0.54461421E-24 -0.23371296E+03
  0.72000000E+00  0.24667913E-23 -0.23560427E+03
  0.72500000E+00  0.10938928E-22 -0.23750269E+03
  0.73000000E+00  0.47493390E-22 -0.23940833E+03
  0.73500000E+00  0.20189548E-21 -0.24132136E+03
  0.74000000E+00  0.84038023E-21 -0.24324191E+03
  0.74500000E+00  0.34253375E-20 -0.24517014E+03
  0.75000000E+00  0.13672039E-19 -0.24710621E+03
  0.75500000E+00  0.53443025E-19 -0.24905027E+03
  0.76000000E+00  0.20459893E-18 -0.25100250E+03
  0.76500000E+00  0.76718143E-18 -0.25296306E+03
  0.77000000E+00  0.28177590E-17 -0.25493214E+03
  0.77500000E+00  0.10137947E-16 -0.25690992E+03
  0.78000000E+00  0.35732752E-16 -0.25889659E+03
  0.78500000E+00  0.12339096E-15 -0.26089234E+03
  0.79000000E+00  0.41747547E-15 -0.26289739E+03
  0.79500000E+00  0.13840114E-14 -0.26491195E+03
  0.80000000E+00  0.44961383E-14 -0.26693624E+03
  0.80500000E+00  0.14313993E-13 -0.26897048E+03
  0.81000000E+00  0.44661421E-13 -0.27101492E+03
  0.81500000E+00  0.13657887E-12 -0.27306980E+03
  0.82000000E+00  0.40939374E-12 -0.27513538E+03
  0.82500000E+00  0.12029052E-11 -0.27721192E+03
  0.83000000E+00  0.34647933E-11 -0.27929972E+03
  0.83500000E+00  0.97835960E-11 -0.28139906E+03
  0.84000000E+00  0.27083782E-10 -0.28351024E+03
  0.84500000E+00  0.73505049E-10 -0.28563359E+03
  0.85000000E+00  0.19557822E-09 -0.28776943E+03
  0.85500000E+00  0.51015993E-09 -0.28991812E+03
  0.86000000E+00  0.13045125E-08 -0.29208002E+03
  0.86500000E+00  0.32696702E-08 -0.29425552E+03
  0.87000000E+00  0.80318170E-08 -0.29644502E+03
  0.87500000E+00  0.19333020E-07 -0.29864894E+03
  0.88000000E+00  0.45589478E-07 -0.30086773E+03
  0.88500000E+00  0.10529148E-06 -0.30310186E+03
  0.89000000E+00  0.23809627E-06 -0.30535183E+03
  0.89500000E+00  0.52697921E-06 -0.30761816E+03
  0.90000000E+00  0.11411711E-05 -0.30990140E+03
  0.90500000E+00  0.24168107E-05 -0.31220216E+03
  0.91000000E+00  0.50034205E-05 -0.31452104E+03
  0.91500000E+00  0.10120311E-04 -0.31685871E+03
  0.92000000E+00  0.19987148E-04 -0.31921589E+03
  0.92500000E+00  0.38512286E-04 -0.32159332E+03
  0.93000000E+00  0.72326146E-04 -0.32399181E+03
  0.93500000E+00  0.13219911E-03 -0.32641222E+03
  0.94000000E+00  0.23470790E-03 -0.32885548E+03
  0.94500000E+00  0.40356750E-03 -0.33132257E+03
  0.95000000E+00  0.66909676E-03 -0.33381457E+03
  0.95500000E+00  0.10625690E-02 -0.33633262E+03
  0.96000000E+00  0.15996952E-02 -0.33887798E+03
  0.96500000E+00  0.22452229E-02 -0.34145199E+03
  0.97000000E+00  0.28522018E-02 -0.34405612E+03
  0.97500000E+00  0.30827171E-02 -0.34669196E+03
  0.98000000E+00  0.23526337E-02 -0.34936125E+03
  0.98500000E+00 -0.96470366E-04 -0.35206590E+03
  0.99000000E+00 -0.48466994E-02 -0.35480797E+03
  0.99500000E+00 -0.11608504E-01 -0.35758977E+03
  0.10000000E+01 -0.18519884E-01 -0.36041378E+03
  0.10050000E+01 -0.22490764E-01 -0.36328275E+03
  0.10100000E+01 -0.21937347E-01 -0.36619965E+03
  0.10150000E+01 -0.21253832E-01 -0.36916772E+03
  0.10200000E+01 -0.30160250E-01 -0.37219034E+03
  0.10250000E+01 -0.48553861E-01 -0.37527093E+03
  0.10300000E+01 -0.44202857E-01 -0.37841236E+03
  0.10350000E+01 -0.31278420E-02 -0.38161713E+03
  0.10400000E+01  0.93956935E-01 -0.38489003E+03
  0.10450000E+01  0.29384690E+00 -0.38823481E+03
  0.10500000E+01  0.66497061E+00 -0.39165495E+03
  0.10550000E+01  0.12179819E+01 -0.39515196E+03
  0.10600000E+01  0.15771982E+01 -0.39872113E+03
  0.10650000E+01  0.57111073E+00 -0.40233920E+03
  0.10700000E+01 -0.24538633E+01 -0.40592568E+03
  0.10750000E+01  0.27586848E+00 -0.40926125E+03
  0.10800000E+01  0.12263437E+02 -0.41086252E+03
  0.10850000E+01  0.18023032E+02 -0.41257585E+03
  0.10900000E+01  0.22661478E+02 -0.41424470E+03
  0.10950000E+01  0.26375547E+02 -0.41592838E+03
  0.11000000E+01  0.29663180E+02 -0.41762651E+03
  0.11050000E+01  0.32611248E+02 -0.41933815E+03
  0.11100000E+01  0.35156281E+02 -0.42106247E+03
  0.11150000E+01  0.37494356E+02 -0.42279872E+03
  0.11200000E+01  0.39696446E+02 -0.42454606E+03
  0.11250000E+01  0.41725253E+02 -0.42630323E+03
  0.11300000E+01  0.43631861E+02 -0.42806874E+03
  0.11350000E+01  0.45510556E+02 -0.42984082E+03
  0.11400000E+01  0.47406259E+02 -0.43161744E+03
  0.11450000E+01  0.49315971E+02 -0.43339660E+03
  0.11500000E+01  0.51227115E+02 -0.43517664E+03
  0.11550000E+01  0.53128838E+02 -0.43695638E+03
  0.11600000E+01  0.55003035E+02 -0.43873535E+03
  0.11650000E+01  0.56821552E+02 -0.44051386E+03
  0.11700000E+01  0.58555064E+02 -0.44229285E+03
  0.11750000E+01  0.60184072E+02 -0.44407357E+03
  0.11800000E+01  0.61704424E+02 -0.44585735E+03
  0.11850000E+01  0.63126826E+02 -0.44764539E+03
  0.11900000E+01  0.64473069E+02 -0.44943855E+03
  0.11950000E+01  0.65771100E+02 -0.45123728E+03
  0.12000000E+01  0.67049762E+02 -0.45304144E+03
  0.12050000E+01  0.68333770E+02 -0.45485032E+03
  0.12100000E+01  0.69639805E+02 -0.45666265E+03
  0.12150000E+01  0.70974592E+02 -0.45847669E+03
  0.12200000E+01  0.72335290E+02 -0.46029042E+03
  0.12250000E+01  0.73711767E+02 -0.46210180E+03
  0.12300000E+01  0.75089925E+02 -0.46390903E+03
  0.12350000E+01  0.76455157E+02 -0.46571072E+03
  0.12400000E+01  0.77795228E+02 -0.46750582E+03
  0.12450000E+01  0.79102144E+02 -0.46929356E+03
  0.12500000E+01  0.80372849E+02 -0.47107334E+03
  0.12550000E+01  0.81608854E+02 -0.47284482E+03
  0.12600000E+01  0.82815076E+02 -0.47460802E+03
  0.12650000E+01  0.83998298E+02 -0.47636331E+03
  0.12700000E+01  0.85165640E+02 -0.47811133E+03
  0.12750000E+01  0.86323350E+02 -0.47985279E+03
  0.12800000E+01  0.87476051E+02 -0.48158845E+03
  0.12850000E+01  0.88626470E+02 -0.48331908E+03
  0.12900000E+01  0.89775562E+02 -0.48504551E+03
  0.12950000E+01  0.90922941E+02 -0.48676860E+03
  0.13000000E+01  0.92067469E+02 -0.48848913E+03
  0.13050000E+01  0.93207891E+02 -0.49020773E+03
  0.13100000E+01  0.94343342E+02 -0.49192494E+03
  0.13150000E+01  0.95473618E+02 -0.49364136E+03
  0.13200000E+01  0.96599118E+02 -0.49535768E+03
  0.13250000E+01  0.97720513E+02 -0.49707472E+03
  0.13300000E+01  0.98838274E+02 -0.49879315E+03
  0.13350000E+01  0.99952312E+02 -0.50051330E+03
  0.13400000E+01  0.10106189E+03 -0.50223518E+03
  0.13450000E+01  0.10216592E+03 -0.50395867E+03
  0.13500000E+01  0.10326351E+03 -0.50568389E+03
  0.13550000E+01  0.10435453E+03 -0.50741134E+03
  0.13600000E+01  0.10543991E+03 -0.50914182E+03
  0.13650000E+01  0.10652155E+03 -0.51087597E+03
  0.13700000E+01  0.10760170E+03 -0.51261407E+03
  0.13750000E+01  0.10868218E+03 -0.51435592E+03
  0.13800000E+01  0.10976373E+03 -0.51610119E+03
  0.13850000E+01  0.11084576E+03 -0.51784967E+03
  0.13900000E+01  0.11192658E+03 -0.51960156E+03
  0.13950000E+01  0.11300421E+03 -0.52135740E+03
  0.14000000E+01  0.11407729E+03 -0.52311776E+03
  0.14050000E+01  0.11514578E+03 -0.52488293E+03
  0.14100000E+01  0.11621119E+03 -0.52665288E+03
  0.14150000E+01  0.11727619E+03 -0.52842733E+03
  0.14200000E+01  0.11834365E+03 -0.53020619E+03
  0.14250000E+01  0.11941560E+03 -0.53198962E+03
  0.14300000E+01  0.12049232E+03 -0.53377803E+03
  0.14350000E+01  0.12157217E+03 -0.53557176E+03
  0.14400000E+01  0.12265210E+03 -0.53737081E+03
  0.14450000E+01  0.12372882E+03 -0.53917487E+03
  0.14500000E+01  0.12480024E+03 -0.54098361E+03
  0.14550000E+01  0.12586648E+03 -0.54279700E+03
  0.14600000E+01  0.12693017E+03 -0.54461550E+03
  0.14650000E+01  0.12799562E+03 -0.54643984E+03
  0.14700000E+01  0.12906728E+03 -0.54827066E+03
  0.14750000E+01  0.13014798E+03 -0.55010805E+03
  0.14800000E+01  0.13123766E+03 -0.55195152E+03
  0.14850000E+01  0.13233333E+03 -0.55380022E+03
  0.14900000E+01  0.13343011E+03 -0.55565353E+03
  0.14950000E+01  0.13452324E+03 -0.55751147E+03
  0.15000000E+01  0.13561005E+03 -0.55937479E+03
  0.15050000E+01  0.13669113E+03 -0.56124460E+03
  0.15100000E+01  0.13777023E+03 -0.56312176E+03
  0.15150000E+01  0.13885289E+03 -0.56500642E+03
  0.15200000E+01  0.13994435E+03 -0.56689795E+03
  0.15250000E+01  0.14104767E+03 -0.56879539E+03
  0.15300000E+01  0.14216271E+03 -0.57069801E+03
  0.15350000E+01  0.14328634E+03 -0.57260580E+03
  0.15400000E+01  0.14441369E+03 -0.57451945E+03
  0.15450000E+01  0.14553990E+03 -0.57643993E+03
  0.15500000E+01  0.14666174E+03 -0.57836794E+03
  0.15550000E+01  0.14777857E+03 -0.58030351E+03
  0.15600000E+01  0.14889250E+03 -0.58224613E+03
  0.15650000E+01  0.15000771E+03 -0.58419510E+03
  0.15700000E+01  0.15112938E+03 -0.58615012E+03
  0.15750000E+01  0.15226218E+03 -0.58811147E+03
  0.15800000E+01  0.15340902E+03 -0.59007993E+03
  0.15850000E+01  0.15457005E+03 -0.59205623E+03
  0.15900000E+01  0.15574239E+03 -0.59404056E+03
  0.15950000E+01  0.15692070E+03 -0.59603245E+03
  0.16000000E+01  0.15809874E+03 -0.59803109E+03
  0.16050000E+01  0.15927145E+03 -0.60003586E+03
  0.16100000E+01  0.16043696E+03 -0.60204680E+03
  0.16150000E+01  0.16159769E+03 -0.60406473E+03
  0.16200000E+01  0.16275997E+03 -0.60609086E+03
  0.16250000E+01  0.16393212E+03 -0.60812618E+03
  0.16300000E+01  0.16512147E+03 -0.61017087E+03
  0.16350000E+01  0.16633160E+03 -0.61222422E+03
  0.16400000E+01  0.16756084E+03 -0.61428499E+03
  0.16450000E+01  0.16880272E+03 -0.61635211E+03
  0.16500000E+01  0.17004839E+03 -0.61842540E+03
  0.16550000E+01  0.17128992E+03 -0.62050565E+03
  0.16600000E+01  0.17252333E+03 -0.62259429E+03
  0.16650000E+01  0.17374995E+03 -0.62469261E+03
  0.16700000E+01  0.17497580E+03 -0.62680115E+03
  0.16750000E+01  0.17620921E+03 -0.62891953E+03
  0.16800000E+01  0.17745782E+03 -0.63104676E+03
  0.16850000E+01  0.17872612E+03 -0.63318190E+03
  0.16900000E+01  0.18001434E+03 -0.63532460E+03
  0.16950000E+01  0.18131903E+03 -0.63747527E+03
  0.17000000E+01  0.18263469E+03 -0.63963491E+03
  0.17050000E+01  0.18395573E+03 -0.64180447E+03
  0.17100000E+01  0.18527797E+03 -0.64398446E+03
  0.17150000E+01  0.18659937E+03 -0.64617476E+03
  0.17200000E+01  0.18792002E+03 -0.64837488E+03
  0.17250000E+01  0.18924186E+03 -0.65058440E+03
  0.17300000E+01  0.19056825E+03 -0.65280332E+03
  0.17350000E+01  0.19190360E+03 -0.65503216E+03
  0.17400000E+01  0.19325284E+03 -0.65727177E+03
  0.17450000E+01  0.19462047E+03 -0.65952288E+03
  0.17500000E+01  0.19600932E+03 -0.66178586E+03
  0.17550000E+01  0.19741928E+03 -0.66406057E+03
  0.17600000E+01  0.19884663E+03 -0.66634664E+03
  0.17650000E+01  0.20028456E+03 -0.66864373E+03
  0.17700000E+01  0.20172504E+03 -0.67095187E+03
  0.17750000E+01  0.20316156E+03 -0.67327148E+03
  0.17800000E+01  0.20459189E+03 -0.67560331E+03
  0.17850000E+01  0.20601952E+03 -0.67794823E+03
  0.17900000E+01  0.20745306E+03 -0.68030699E+03
  0.17950000E+01  0.20890359E+03 -0.68268016E+03
  0.18000000E+01  0.21038070E+03 -0.68506797E+03
  0.18050000E+01  0.21188884E+03 -0.68747037E+03
  0.18100000E+01  0.21342542E+03 -0.68988697E+03
  0.18150000E+01  0.21498164E+03 -0.69231720E+03
  0.18200000E+01  0.21654580E+03 -0.69476064E+03
  0.18250000E+01  0.21810778E+03 -0.69721737E+03
  0.18300000E+01  0.21966304E+03 -0.69968820E+03
  0.18350000E+01  0.22121420E+03 -0.70217455E+03
  0.18400000E+01  0.22276990E+03 -0.70467787E+03
  0.18450000E+01  0.22434120E+03 -0.70719897E+03
  0.18500000E+01  0.22593736E+03 -0.70973749E+03
  0.18550000E+01  0.22756265E+03 -0.71229202E+03
  0.18600000E+01  0.22921563E+03 -0.71486083E+03
  0.18650000E+01  0.23089082E+03 -0.71744296E+03
  0.18700000E+01  0.23258174E+03 -0.72003893E+03
  0.18750000E+01  0.23428376E+03 -0.72265069E+03
  0.18800000E+01  0.23599527E+03 -0.72528066E+03
  0.18850000E+01  0.23771704E+03 -0.72793039E+03
  0.18900000E+01  0.23945035E+03 -0.73059974E+03
  0.18950000E+01  0.24119546E+03 -0.73328696E+03
  0.19000000E+01  0.24295138E+03 -0.73598993E+03
  0.19050000E+01  0.24471734E+03 -0.73870766E+03
  0.19100000E+01  0.24649482E+03 -0.74144130E+03
  0.19150000E+01  0.24828891E+03 -0.74419385E+03
  0.19200000E+01  0.25010747E+03 -0.74696866E+03
  0.19250000E+01  0.25195831E+03 -0.74976772E+03
  0.19300000E+01  0.25384538E+03 -0.75259068E+03
  0.19350000E+01  0.25576610E+03 -0.75543539E+03
  0.19400000E+01  0.25771134E+03 -0.75829959E+03
  0.19450000E+01  0.25966869E+03 -0.76118287E+03
  0.19500000E+01  0.26162759E+03 -0.76408763E+03
  0.19550000E+01  0.26358421E+03 -0.76701848E+03
  0.19600000E+01  0.26554370E+03 -0.76998054E+03
  0.19650000E+01  0.26751867E+03 -0.77297772E+03
  0.19700000E+01  0.26952376E+03 -0.77601208E+03
  0.19750000E+01  0.27156536E+03 -0.77908499E+03
  0.19800000E+01  0.27363583E+03 -0.78219931E+03
  0.19850000E+01  0.27580167E+03 -0.78536148E+03
  0.19900000E+01  0.27805090E+03 -0.78857785E+03
  0.19950000E+01  0.28054657E+03 -0.79171295E+03
  0.20000000E+01  0.28382719E+03 -0.79458264E+03
  0.20050000E+01  0.28655920E+03 -0.79747058E+03
  0.20100000E+01  0.28915859E+03 -0.80038828E+03
  0.20150000E+01  0.29169887E+03 -0.80333432E+03
  0.20200000E+01  0.29421748E+03 -0.80630732E+03
  0.20250000E+01  0.29673194E+03 -0.80930674E+03
  0.20300000E+01  0.29925432E+03 -0.81233299E+03
  0.20350000E+01  0.30179025E+03 -0.81538707E+03
  0.20400000E+01  0.30434404E+03 -0.81847006E+03
  0.20450000E+01  0.30691989E+03 -0.82158268E+03
  0.20500000E+01  0.30952254E+03 -0.82472516E+03
  0.20550000E+01  0.31215600E+03 -0.82789721E+03
  0.20600000E+01  0.31482239E+03 -0.83109823E+03
  0.20650000E+01  0.31752114E+03 -0.83432761E+03
  0.20700000E+01  0.32024993E+03 -0.83758510E+03
  0.20750000E+01  0.32300661E+03 -0.84087102E+03
  0.20800000E+01  0.32579168E+03 -0.84418630E+03
  0.20850000E+01  0.32860970E+03 -0.84753207E+03
  0.20900000E+01  0.33146918E+03 -0.85090922E+03
  0.20950000E+01  0.33438063E+03 -0.85431797E+03
  0.21000000E+01  0.33735356E+03 -0.85775793E+03
  0.21050000E+01  0.34039363E+03 -0.86122843E+03
  0.21100000E+01  0.34350107E+03 -0.86472900E+03
  0.21150000E+01  0.34667118E+03 -0.86825959E+03
  0.21200000E+01  0.34989745E+03 -0.87182062E+03
  0.21250000E+01  0.35317639E+03 -0.87541276E+03
  0.21300000E+01  0.35650495E+03 -0.87903665E+03
  0.21350000E+01  0.35987515E+03 -0.88269236E+03
  0.21400000E+01  0.36332296E+03 -0.88637754E+03
  0.21450000E+01  0.36685049E+03 -0.89009166E+03
  0.21500000E+01  0.37046591E+03 -0.89383427E+03
  0.21550000E+01  0.37417590E+03 -0.89760457E+03
  0.21600000E+01  0.37798373E+03 -0.90140177E+03
  0.21650000E+01  0.38188920E+03 -0.90522541E+03
  0.21700000E+01  0.38589027E+03 -0.90907546E+03
  0.21750000E+01  0.38998485E+03 -0.91295209E+03
  0.21800000E+01  0.39417231E+03 -0.91685529E+03
  0.21850000E+01  0.39845422E+03 -0.92078464E+03
  0.21900000E+01  0.40283438E+03 -0.92473933E+03
  0.21950000E+01  0.40731830E+03 -0.92871842E+03
  0.22000000E+01  0.41191252E+03 -0.93272104E+03
  0.22050000E+01  0.41662386E+03 -0.93674641E+03
  0.22100000E+01  0.42145897E+03 -0.94079376E+03
  0.22150000E+01  0.42642424E+03 -0.94486231E+03
  0.22200000E+01  0.43152595E+03 -0.94895117E+03
  0.22250000E+01  0.43677030E+03 -0.95305921E+03
  0.22300000E+01  0.44216318E+03 -0.95718493E+03
  0.22350000E+01  0.44770967E+03 -0.96132647E+03
  0.22400000E+01  0.45341374E+03 -0.96548194E+03
  0.22450000E+01  0.45927853E+03 -0.96964957E+03
  0.22500000E+01  0.46530726E+03 -0.97382758E+03
  0.22550000E+01  0.47150445E+03 -0.97801394E+03
  0.22600000E+01  0.47787693E+03 -0.98220638E+03
  0.22650000E+01  0.48443399E+03 -0.98640253E+03
  0.22700000E+01  0.49118705E+03 -0.99059982E+03
  0.22750000E+01  0.49814912E+03 -0.99479516E+03
  0.22800000E+01  0.50533414E+03 -0.99898517E+03
  0.22850000E+01  0.51275549E+03 -0.10031664E+04
  0.22900000E+01  0.52042419E+03 -0.10073354E+04
  0.22950000E+01  0.52834826E+03 -0.10114882E+04
  0.23000000E+01  0.53653415E+03 -0.10156203E+04
  0.23050000E+01  0.54498906E+03 -0.10197273E+04
  0.23100000E+01  0.55372226E+03 -0.10238048E+04
  0.23150000E+01  0.56274529E+03 -0.10278481E+04
  0.23200000E+01  0.57207330E+03 -0.10318527E+04
  0.23250000E+01  0.58172728E+03 -0.10358139E+04
  0.23300000E+01  0.59173256E+03 -0.10397270E+04
  0.23350000E+01  0.60211440E+03 -0.10435867E+04
  0.23400000E+01  0.61289778E+03 -0.10473874E+04
  0.23450000E+01  0.62411133E+03 -0.10511232E+04
  0.23500000E+01  0.63578680E+03 -0.10547880E+04
  0.23550000E+01  0.64794886E+03 -0.10583754E+04
  0.23600000E+01  0.66062103E+03 -0.10618776E+04
  0.23650000E+01  0.67390435E+03 -0.10652810E+04
  0.23700000E+01  0.68782605E+03 -0.10685781E+04
  0.23750000E+01  0.70246075E+03 -0.10717572E+04
  0.23800000E+01  0.71790495E+03 -0.10748014E+04
  0.23850000E+01  0.73428491E+03 -0.10776871E+04
  0.23900000E+01  0.75175828E+03 -0.10803785E+04
  0.23950000E+01  0.77054637E+03 -0.10828205E+04
  0.24000000E+01  0.79099619E+03 -0.10849237E+04
  0.24050000E+01  0.81364814E+03 -0.10865304E+04
  0.24100000E+01  0.83921811E+03 -0.10873315E+04
  0.24150000E+01  0.86925080E+03 -0.10865582E+04
  0.24200000E+01  0.90808434E+03 -0.10811951E+04
  0.24250000E+01  0.94965845E+03 -0.10710161E+04
  0.24300000E+01  0.99361035E+03 -0.10539633E+04
  0.24350000E+01  0.10436005E+04 -0.10273728E+04
  0.24400000E+01  0.10522959E+04 -0.10025063E+04
  0.24450000E+01  0.10626592E+04 -0.98272849E+03
  0.24500000E+01  0.10758474E+04 -0.96387602E+03
  0.24550000E+01  0.10767796E+04 -0.94504108E+03
  0.24600000E+01  0.10874768E+04 -0.93050036E+03
  0.24650000E+01  0.10863353E+04 -0.91800225E+03
  0.24700000E+01  0.11065983E+04 -0.90679472E+03
  0.24750000E+01  0.11692389E+04 -0.87893915E+03
  0.24800000E+01  0.12022944E+04 -0.83594870E+03
  0.24850000E+01  0.11855999E+04 -0.79427698E+03
  0.24900000E+01  0.11528964E+04 -0.77074690E+03
  0.24950000E+01  0.11249960E+04 -0.75547353E+03
  0.25000000E+01  0.10963440E+04 -0.74263008E+03
  0.25050000E+01  0.10964155E+04 -0.72665891E+03
  0.25100000E+01  0.10886230E+04 -0.71351627E+03
  0.25150000E+01  0.10802662E+04 -0.70210363E+03
  0.25200000E+01  0.10713709E+04 -0.69171981E+03
  0.25250000E+01  0.10602528E+04 -0.68369465E+03
  0.25300000E+01  0.10511917E+04 -0.67778764E+03
  0.25350000E+01  0.10448017E+04 -0.67291436E+03
  0.25400000E+01  0.10412775E+04 -0.66823856E+03
  0.25450000E+01  0.10408264E+04 -0.66306420E+03
  0.25500000E+01  0.10435468E+04 -0.65637339E+03
  0.25550000E+01  0.10532809E+04 -0.64602745E+03
  0.25600000E+01  0.10544245E+04 -0.63434345E+03
  0.25650000E+01  0.10576176E+04 -0.62376447E+03
  0.25700000E+01  0.10529769E+04 -0.61470906E+03
  0.25750000E+01  0.10466690E+04 -0.60716764E+03
  0.25800000E+01  0.10406325E+04 -0.60050065E+03
  0.25850000E+01  0.10347414E+04 -0.59443965E+03
  0.25900000E+01  0.10289244E+04 -0.58884083E+03
  0.25950000E+01  0.10232551E+04 -0.58361593E+03
  0.26000000E+01  0.10177335E+04 -0.57870608E+03
  0.26050000E+01  0.10123215E+04 -0.57406972E+03
  0.26100000E+01  0.10070213E+04 -0.56967633E+03
  0.26150000E+01  0.10018278E+04 -0.56550271E+03
  0.26200000E+01  0.99673237E+03 -0.56153036E+03
  0.26250000E+01  0.99172989E+03 -0.55774395E+03
  0.26300000E+01  0.98681846E+03 -0.55413022E+03
  0.26350000E+01  0.98199867E+03 -0.55067733E+03
  0.26400000E+01  0.97727194E+03 -0.54737456E+03
  0.26450000E+01  0.97263921E+03 -0.54421237E+03
  0.26500000E+01  0.96810029E+03 -0.54118211E+03
  0.26550000E+01  0.96365402E+03 -0.53827599E+03
  0.26600000E+01  0.95929884E+03 -0.53548690E+03
  0.26650000E+01  0.95503349E+03 -0.53280792E+03
  0.26700000E+01  0.95085742E+03 -0.53023206E+03
  0.26750000E+01  0.94677096E+03 -0.52775214E+03
  0.26800000E+01  0.94277524E+03 -0.52536087E+03
  0.26850000E+01  0.93887233E+03 -0.52305073E+03
  0.26900000E+01  0.93506589E+03 -0.52081397E+03
  0.26950000E+01  0.93136200E+03 -0.51864231E+03
  0.27000000E+01  0.92777029E+03 -0.51652634E+03
  0.27050000E+01  0.92430510E+03 -0.51445461E+03
  0.27100000E+01  0.92098699E+03 -0.51241216E+03
  0.27150000E+01  0.91785232E+03 -0.51037772E+03
  0.27200000E+01  0.91494960E+03 -0.50831724E+03
  0.27250000E+01  0.91238753E+03 -0.50615992E+03
  0.27300000E+01  0.91019748E+03 -0.50382220E+03
  0.27350000E+01  0.90856474E+03 -0.50125231E+03
  0.27400000E+01  0.90740138E+03 -0.49817460E+03
  0.27450000E+01  0.91209880E+03 -0.49327859E+03
  0.27500000E+01  0.90688955E+03 -0.48714337E+03
  0.27550000E+01  0.90017940E+03 -0.48294749E+03
  0.27600000E+01  0.89354238E+03 -0.47957747E+03
  0.27650000E+01  0.88695309E+03 -0.47674983E+03
  0.27700000E+01  0.88044372E+03 -0.47433454E+03
  0.27750000E+01  0.87402217E+03 -0.47225706E+03
  0.27800000E+01  0.86767508E+03 -0.47046938E+03
  0.27850000E+01  0.86140996E+03 -0.46893807E+03
  0.27900000E+01  0.85522437E+03 -0.46763873E+03
  0.27950000E+01  0.84912038E+03 -0.46655262E+03
  0.28000000E+01  0.84310352E+03 -0.46566469E+03
  0.28050000E+01  0.83718033E+03 -0.46496237E+03
  0.28100000E+01  0.83135854E+03 -0.46443474E+03
  0.28150000E+01  0.82564441E+03 -0.46407215E+03
  0.28200000E+01  0.82003902E+03 -0.46386626E+03
  0.28250000E+01  0.81453025E+03 -0.46381043E+03
  0.28300000E+01  0.80910361E+03 -0.46390031E+03
  0.28350000E+01  0.80381249E+03 -0.46413338E+03
  0.28400000E+01  0.79848386E+03 -0.46448794E+03
  0.28450000E+01  0.79440510E+03 -0.46472146E+03
  0.28500000E+01  0.78980415E+03 -0.46503468E+03
  0.28550000E+01  0.78517983E+03 -0.46544945E+03
  0.28600000E+01  0.78060846E+03 -0.46595793E+03
  0.28650000E+01  0.77611268E+03 -0.46655004E+03
  0.28700000E+01  0.77168762E+03 -0.46721464E+03
  0.28750000E+01  0.76735839E+03 -0.46793796E+03
  0.28800000E+01  0.76312011E+03 -0.46870205E+03
  0.28850000E+01  0.75889446E+03 -0.46947594E+03
  0.28900000E+01  0.75483858E+03 -0.47020308E+03
  0.28950000E+01  0.75077028E+03 -0.47088702E+03
  0.29000000E+01  0.74658585E+03 -0.47156679E+03
  0.29050000E+01  0.74225762E+03 -0.47229822E+03
  0.29100000E+01  0.73784275E+03 -0.47313007E+03
  0.29150000E+01  0.73339500E+03 -0.47409082E+03
  0.29200000E+01  0.72895940E+03 -0.47518971E+03
  0.29250000E+01  0.72456693E+03 -0.47642498E+03
  0.29300000E+01  0.72023505E+03 -0.47779027E+03
  0.29350000E+01  0.71597594E+03 -0.47927796E+03
  0.29400000E+01  0.71179687E+03 -0.48088063E+03
  0.29450000E+01  0.70770262E+03 -0.48259145E+03
  0.29500000E+01  0.70369544E+03 -0.48440420E+03
  0.29550000E+01  0.69977461E+03 -0.48631327E+03
  0.29600000E+01  0.69593668E+03 -0.48831367E+03
  0.29650000E+01  0.69217707E+03 -0.49040112E+03
  0.29700000E+01  0.68849258E+03 -0.49257210E+03
  0.29750000E+01  0.68488354E+03 -0.49482380E+03
  0.29800000E+01  0.68135386E+03 -0.49715404E+03
  0.29850000E+01  0.67790826E+03 -0.49956099E+03
  0.29900000E+01  0.67454864E+03 -0.50204296E+03
  0.29950000E+01  0.67127135E+03 -0.50459820E+03
  0.30000000E+01  0.66806877E+03 -0.50722481E+03
  0.30050000E+01  0.66493199E+03 -0.50992030E+03
  0.30100000E+01  0.66185845E+03 -0.51268028E+03
  0.30150000E+01  0.65885234E+03 -0.51549517E+03
  0.30200000E+01  0.65590571E+03 -0.51833569E+03
  0.30250000E+01  0.65238272E+03 -0.52119048E+03
  0.30300000E+01  0.64909661E+03 -0.52439384E+03
  0.30350000E+01  0.64610111E+03 -0.52778924E+03
  0.30400000E+01  0.64323424E+03 -0.53132269E+03
  0.30450000E+01  0.64048717E+03 -0.53498485E+03
  0.30500000E+01  0.63784173E+03 -0.53877816E+03
  0.30550000E+01  0.63528755E+03 -0.54271160E+03
  0.30600000E+01  0.63281813E+03 -0.54679962E+03
  0.30650000E+01  0.63042071E+03 -0.55106301E+03
  0.30700000E+01  0.62806820E+03 -0.55553072E+03
  0.30750000E+01  0.62574820E+03 -0.56024315E+03
  0.30800000E+01  0.62364762E+03 -0.56525646E+03
  0.30850000E+01  0.62234809E+03 -0.57063819E+03
  0.30900000E+01  0.61781040E+03 -0.57632637E+03
  0.30950000E+01  0.62698908E+03 -0.57969769E+03
  0.31000000E+01  0.63183514E+03 -0.58180824E+03
  0.31050000E+01  0.63475092E+03 -0.58393813E+03
  0.31100000E+01  0.63682510E+03 -0.58608686E+03
  0.31150000E+01  0.63842681E+03 -0.58825217E+03
  0.31200000E+01  0.63960056E+03 -0.59042736E+03
  0.31250000E+01  0.64099806E+03 -0.59256789E+03
  0.31300000E+01  0.64216789E+03 -0.59469047E+03
  0.31350000E+01  0.64315882E+03 -0.59681029E+03
  0.31400000E+01  0.64403600E+03 -0.59892692E+03
  0.31450000E+01  0.64482942E+03 -0.60103499E+03
  0.31500000E+01  0.64555799E+03 -0.60312800E+03
  0.31550000E+01  0.64622768E+03 -0.60519818E+03
  0.31600000E+01  0.64684080E+03 -0.60723615E+03
  0.31650000E+01  0.64739142E+03 -0.60923053E+03
  0.31700000E+01  0.64786100E+03 -0.61116773E+03
  0.31750000E+01  0.64820887E+03 -0.61303210E+03
  0.31800000E+01  0.64836756E+03 -0.61480835E+03
  0.31850000E+01  0.64824106E+03 -0.61648762E+03
  0.31900000E+01  0.64767657E+03 -0.61807948E+03
  0.31950000E+01  0.64652128E+03 -0.61962915E+03
  0.32000000E+01  0.64468255E+03 -0.62123092E+03
  0.32050000E+01  0.64221796E+03 -0.62308634E+03
  0.32100000E+01  0.64017535E+03 -0.62537817E+03
  0.32150000E+01  0.63890077E+03 -0.62778902E+03
  0.32200000E+01  0.63589792E+03 -0.63037997E+03
  0.32250000E+01  0.63426732E+03 -0.63359095E+03
  0.32300000E+01  0.63389266E+03 -0.63717026E+03
  0.32350000E+01  0.63453386E+03 -0.64100472E+03
  0.32400000E+01  0.63573718E+03 -0.64494818E+03
  0.32450000E+01  0.63731501E+03 -0.64885631E+03
  0.32500000E+01  0.63837211E+03 -0.65280674E+03
  0.32550000E+01  0.64057015E+03 -0.65706191E+03
  0.32600000E+01  0.64339842E+03 -0.66135637E+03
  0.32650000E+01  0.64693424E+03 -0.66562655E+03
  0.32700000E+01  0.65126221E+03 -0.66982548E+03
  0.32750000E+01  0.65653917E+03 -0.67389994E+03
  0.32800000E+01  0.66295492E+03 -0.67777695E+03
  0.32850000E+01  0.67067798E+03 -0.68134300E+03
  0.32900000E+01  0.67994666E+03 -0.68440261E+03
  0.32950000E+01  0.69187740E+03 -0.68656949E+03
  0.33000000E+01  0.71062591E+03 -0.68688888E+03
  0.33050000E+01  0.75731187E+03 -0.68022856E+03
  0.33100000E+01  0.80999403E+03 -0.65015644E+03
  0.33150000E+01  0.76509715E+03 -0.61362394E+03
  0.33200000E+01  0.73050433E+03 -0.60047316E+03
  0.33250000E+01  0.70032165E+03 -0.59646764E+03
  0.33300000E+01  0.68201131E+03 -0.59826156E+03
  0.33350000E+01  0.66847772E+03 -0.60129743E+03
  0.33400000E+01  0.65769699E+03 -0.60468915E+03
  0.33450000E+01  0.64850458E+03 -0.60771785E+03
  0.33500000E+01  0.63148057E+03 -0.60930432E+03
  0.33550000E+01  0.61412425E+03 -0.61480063E+03
  0.33600000E+01  0.61101581E+03 -0.62449505E+03
  0.33650000E+01  0.60864673E+03 -0.63361180E+03
  0.33700000E+01  0.60683244E+03 -0.64190241E+03
  0.33750000E+01  0.60481623E+03 -0.64940964E+03
  0.33800000E+01  0.60262914E+03 -0.65659058E+03
  0.33850000E+01  0.60075003E+03 -0.66351795E+03
  0.33900000E+01  0.59940209E+03 -0.67034364E+03
  0.33950000E+01  0.59842853E+03 -0.67700209E+03
  0.34000000E+01  0.59741391E+03 -0.68348679E+03
  0.34050000E+01  0.59618442E+03 -0.68992492E+03
  0.34100000E+01  0.59593878E+03 -0.69629127E+03
  0.34150000E+01  0.59661892E+03 -0.70256828E+03
  0.34200000E+01  0.59859715E+03 -0.70867582E+03
  0.34250000E+01  0.60015079E+03 -0.71452334E+03
  0.34300000E+01  0.60177676E+03 -0.72025443E+03
  0.34350000E+01  0.60365671E+03 -0.72572477E+03
  0.34400000E+01  0.60717042E+03 -0.73075431E+03
  0.34450000E+01  0.61100943E+03 -0.73516762E+03
  0.34500000E+01  0.61191632E+03 -0.73948354E+03
  0.34550000E+01  0.61212685E+03 -0.74409542E+03
  0.34600000E+01  0.61246602E+03 -0.74889653E+03
  0.34650000E+01  0.61251672E+03 -0.75374923E+03
  0.34700000E+01  0.61216779E+03 -0.75878921E+03
  0.34750000E+01  0.61187809E+03 -0.76401321E+03
  0.34800000E+01  0.61132370E+03 -0.76938617E+03
  0.34850000E+01  0.61184597E+03 -0.77473351E+03
  0.34900000E+01  0.61545729E+03 -0.77884749E+03
  0.34950000E+01  0.61632148E+03 -0.78343166E+03
  0.35000000E+01  0.61690193E+03 -0.78825373E+03
  0.35050000E+01  0.61789580E+03 -0.79316799E+03
  0.35100000E+01  0.61972508E+03 -0.79806526E+03
  0.35150000E+01  0.62036711E+03 -0.80301651E+03
  0.35200000E+01  0.62077063E+03 -0.80818961E+03
  0.35250000E+01  0.62133754E+03 -0.81349385E+03
  0.35300000E+01  0.62198857E+03 -0.81890639E+03
  0.35350000E+01  0.62279594E+03 -0.82441513E+03
  0.35400000E+01  0.62375418E+03 -0.83001215E+03
  0.35450000E+01  0.62487597E+03 -0.83569081E+03
  0.35500000E+01  0.62619653E+03 -0.84144401E+03
  0.35550000E+01  0.62775164E+03 -0.84726296E+03
  0.35600000E+01  0.62959580E+03 -0.85313554E+03
  0.35650000E+01  0.63182389E+03 -0.85904301E+03
  0.35700000E+01  0.63461560E+03 -0.86495174E+03
  0.35750000E+01  0.63843785E+03 -0.87077633E+03
  0.35800000E+01  0.64570705E+03 -0.87563127E+03
  0.35850000E+01  0.64957346E+03 -0.87840573E+03
  0.35900000E+01  0.64919572E+03 -0.88023212E+03
  0.35950000E+01  0.64585792E+03 -0.88085345E+03
  0.36000000E+01  0.63871012E+03 -0.88392524E+03
  0.36050000E+01  0.63110598E+03 -0.88832498E+03
  0.36100000E+01  0.62266446E+03 -0.89588739E+03
  0.36150000E+01  0.62063599E+03 -0.90598557E+03
  0.36200000E+01  0.62014391E+03 -0.91650623E+03
  0.36250000E+01  0.62111136E+03 -0.92721488E+03
  0.36300000E+01  0.62298310E+03 -0.93803564E+03
  0.36350000E+01  0.62579843E+03 -0.94895073E+03
  0.36400000E+01  0.63004069E+03 -0.95986731E+03
  0.36450000E+01  0.63607478E+03 -0.97048702E+03
  0.36500000E+01  0.64463865E+03 -0.98003580E+03
  0.36550000E+01  0.65114093E+03 -0.98809216E+03
  0.36600000E+01  0.65840355E+03 -0.99537498E+03
  0.36650000E+01  0.66911229E+03 -0.10015107E+04
  0.36700000E+01  0.68029094E+03 -0.10066671E+04
  0.36750000E+01  0.68566024E+03 -0.10116447E+04
  0.36800000E+01  0.69142193E+03 -0.10176133E+04
  0.36850000E+01  0.69736392E+03 -0.10240140E+04
  0.36900000E+01  0.70334491E+03 -0.10307692E+04
  0.36950000E+01  0.70940064E+03 -0.10378830E+04
  0.37000000E+01  0.71737124E+03 -0.10448698E+04
  0.37050000E+01  0.72631111E+03 -0.10511398E+04
  0.37100000E+01  0.73356340E+03 -0.10577398E+04
  0.37150000E+01  0.74046780E+03 -0.10647421E+04
  0.37200000E+01  0.74723524E+03 -0.10721780E+04
  0.37250000E+01  0.75417747E+03 -0.10800369E+04
  0.37300000E+01  0.75977020E+03 -0.10884603E+04
  0.37350000E+01  0.76622676E+03 -0.10979394E+04
  0.37400000E+01  0.77573772E+03 -0.11068342E+04
  0.37450000E+01  0.78630242E+03 -0.11160189E+04
  0.37500000E+01  0.80640635E+03 -0.11240803E+04
  0.37550000E+01  0.82763283E+03 -0.11313013E+04
  0.37600000E+01  0.85104910E+03 -0.11351504E+04
  0.37650000E+01  0.87370307E+03 -0.11369211E+04
  0.37700000E+01  0.89444226E+03 -0.11381281E+04
  0.37750000E+01  0.91551481E+03 -0.11389450E+04
  0.37800000E+01  0.93732305E+03 -0.11383938E+04
  0.37850000E+01  0.96391948E+03 -0.11332160E+04
  0.37900000E+01  0.97962814E+03 -0.11262083E+04
  0.37950000E+01  0.99046634E+03 -0.11180414E+04
  0.38000000E+01  0.99103711E+03 -0.11120541E+04
  0.38050000E+01  0.99983102E+03 -0.11112118E+04
  0.38100000E+01  0.10127613E+04 -0.11109212E+04
  0.38150000E+01  0.10293084E+04 -0.11098479E+04
  0.38200000E+01  0.10485156E+04 -0.11072714E+04
  0.38250000E+01  0.10693544E+04 -0.11027423E+04
  0.38300000E+01  0.10974353E+04 -0.10942400E+04
  0.38350000E+01  0.11186242E+04 -0.10793376E+04
  0.38400000E+01  0.11230712E+04 -0.10600833E+04
  0.38450000E+01  0.11341734E+04 -0.10427464E+04
  0.38500000E+01  0.11423351E+04 -0.10282524E+04
  0.38550000E+01  0.11427873E+04 -0.10168602E+04
  0.38600000E+01  0.11441741E+04 -0.10075342E+04
  0.38650000E+01  0.11508335E+04 -0.99702084E+03
  0.38700000E+01  0.11546506E+04 -0.98249674E+03
  0.38750000E+01  0.11416350E+04 -0.97184060E+03
  0.38800000E+01  0.11309655E+04 -0.96562668E+03
  0.38850000E+01  0.11184547E+04 -0.96128494E+03
  0.38900000E+01  0.11061909E+04 -0.95979091E+03
  0.38950000E+01  0.10978496E+04 -0.96026960E+03
  0.39000000E+01  0.10981801E+04 -0.96004787E+03
  0.39050000E+01  0.10981846E+04 -0.95901496E+03
  0.39100000E+01  0.10952466E+04 -0.95886145E+03
  0.39150000E+01  0.10955913E+04 -0.95881720E+03
  0.39200000E+01  0.10950989E+04 -0.95814703E+03
  0.39250000E+01  0.10942386E+04 -0.95731814E+03
  0.39300000E+01  0.10953253E+04 -0.95511644E+03
  0.39350000E+01  0.10897155E+04 -0.94986838E+03
  0.39400000E+01  0.10763462E+04 -0.94626359E+03
  0.39450000E+01  0.10700968E+04 -0.94729076E+03
  0.39500000E+01  0.10669006E+04 -0.94618618E+03
  0.39550000E+01  0.10633039E+04 -0.94886104E+03
  0.39600000E+01  0.10602846E+04 -0.95339848E+03
  0.39650000E+01  0.10574589E+04 -0.95890531E+03
  0.39700000E+01  0.10573540E+04 -0.96497966E+03
  0.39750000E+01  0.10582490E+04 -0.97165071E+03
  0.39800000E+01  0.10594237E+04 -0.97905539E+03
  0.39850000E+01  0.10632260E+04 -0.98569738E+03
  0.39900000E+01  0.10845865E+04 -0.98612069E+03
  0.39950000E+01  0.10953725E+04 -0.98654238E+03
  0.40000000E+01  0.11045123E+04 -0.98688530E+03
  0.40050000E+01  0.11124977E+04 -0.98678414E+03
  0.40100000E+01  0.11180404E+04 -0.98721519E+03
  0.40150000E+01  0.11235529E+04 -0.98790312E+03
  0.40200000E+01  0.11286591E+04 -0.98866554E+03
  0.40250000E+01  0.11351297E+04 -0.98919758E+03
  0.40300000E+01  0.11421903E+04 -0.98904197E+03
  0.40350000E+01  0.11456588E+04 -0.98892740E+03
  0.40400000E+01  0.11489985E+04 -0.98931907E+03
  0.40450000E+01  0.11531263E+04 -0.98946661E+03
  0.40500000E+01  0.11545366E+04 -0.98912192E+03
  0.40550000E+01  0.11427726E+04 -0.98888263E+03
  0.40600000E+01  0.11469914E+04 -0.99376140E+03
  0.40650000E+01  0.11533172E+04 -0.99870866E+03
  0.40700000E+01  0.11594872E+04 -0.10031162E+04
  0.40750000E+01  0.11662484E+04 -0.10069366E+04
  0.40800000E+01  0.11727748E+04 -0.10102710E+04
  0.40850000E+01  0.11793111E+04 -0.10131831E+04
  0.40900000E+01  0.11852452E+04 -0.10161584E+04
  0.40950000E+01  0.11912503E+04 -0.10191291E+04
  0.41000000E+01  0.11973517E+04 -0.10220772E+04
  0.41050000E+01  0.12034949E+04 -0.10250523E+04
  0.41100000E+01  0.12098073E+04 -0.10281428E+04
  0.41150000E+01  0.12164240E+04 -0.10314547E+04
  0.41200000E+01  0.12237050E+04 -0.10350281E+04
  0.41250000E+01  0.12320016E+04 -0.10387680E+04
  0.41300000E+01  0.12416657E+04 -0.10424879E+04
  0.41350000E+01  0.12529177E+04 -0.10459179E+04
  0.41400000E+01  0.12661984E+04 -0.10486092E+04
  0.41450000E+01  0.12800645E+04 -0.10502118E+04
  0.41500000E+01  0.13001918E+04 -0.10483115E+04
  0.41550000E+01  0.13076533E+04 -0.10453048E+04
  0.41600000E+01  0.13216047E+04 -0.10439017E+04
  0.41650000E+01  0.13371714E+04 -0.10416986E+04
  0.41700000E+01  0.13501569E+04 -0.10378725E+04
  0.41750000E+01  0.13584228E+04 -0.10354710E+04
  0.41800000E+01  0.13688552E+04 -0.10338347E+04
  0.41850000E+01  0.13803552E+04 -0.10318028E+04
  0.41900000E+01  0.13968764E+04 -0.10295055E+04
  0.41950000E+01  0.14143953E+04 -0.10254113E+04
  0.42000000E+01  0.14368328E+04 -0.10195507E+04
  0.42050000E+01  0.14661420E+04 -0.10054033E+04
  0.42100000E+01  0.14791213E+04 -0.99253369E+03
  0.42150000E+01  0.14861905E+04 -0.97684936E+03
  0.42200000E+01  0.14908679E+04 -0.96433570E+03
  0.42250000E+01  0.14960625E+04 -0.95132452E+03
  0.42300000E+01  0.14963441E+04 -0.93941185E+03
  0.42350000E+01  0.14975286E+04 -0.92868722E+03
  0.42400000E+01  0.15010445E+04 -0.91772306E+03
  0.42450000E+01  0.15032101E+04 -0.90614171E+03
  0.42500000E+01  0.15065254E+04 -0.89365607E+03
  0.42550000E+01  0.15097844E+04 -0.87967156E+03
  0.42600000E+01  0.15051607E+04 -0.86456957E+03
  0.42650000E+01  0.14931288E+04 -0.84944750E+03
  0.42700000E+01  0.14737309E+04 -0.83484647E+03
  0.42750000E+01  0.14394668E+04 -0.82664915E+03
  0.42800000E+01  0.14343196E+04 -0.83152921E+03
  0.42850000E+01  0.14305506E+04 -0.83327696E+03
  0.42900000E+01  0.14293773E+04 -0.83385470E+03
  0.42950000E+01  0.14280030E+04 -0.83315938E+03
  0.43000000E+01  0.14249158E+04 -0.83217714E+03
  0.43050000E+01  0.14226768E+04 -0.83084080E+03
  0.43100000E+01  0.14208000E+04 -0.82889057E+03
  0.43150000E+01  0.14191249E+04 -0.82598367E+03
  0.43200000E+01  0.14154225E+04 -0.82112573E+03
  0.43250000E+01  0.14060058E+04 -0.81634267E+03
  0.43300000E+01  0.13851574E+04 -0.81269532E+03
  0.43350000E+01  0.13732420E+04 -0.81212394E+03
  0.43400000E+01  0.13515365E+04 -0.81290749E+03
  0.43450000E+01  0.13398221E+04 -0.81716449E+03
  0.43500000E+01  0.13310706E+04 -0.82253641E+03
  0.43550000E+01  0.13289569E+04 -0.82751044E+03
  0.43600000E+01  0.13199670E+04 -0.83180659E+03
  0.43650000E+01  0.13118227E+04 -0.83724765E+03
  0.43700000E+01  0.13048763E+04 -0.84340313E+03
  0.43750000E+01  0.12987270E+04 -0.85005628E+03
  0.43800000E+01  0.12930305E+04 -0.85705646E+03
  0.43850000E+01  0.12872268E+04 -0.86427398E+03
  0.43900000E+01  0.12819306E+04 -0.87219260E+03
  0.43950000E+01  0.12786780E+04 -0.88059685E+03
  0.44000000E+01  0.12767553E+04 -0.88915160E+03
  0.44050000E+01  0.12774489E+04 -0.89691537E+03
  0.44100000E+01  0.12763957E+04 -0.90390814E+03
  0.44150000E+01  0.12741281E+04 -0.91171995E+03
  0.44200000E+01  0.12728899E+04 -0.91985127E+03
  0.44250000E+01  0.12722844E+04 -0.92803111E+03
  0.44300000E+01  0.12719282E+04 -0.93620120E+03
  0.44350000E+01  0.12721316E+04 -0.94363945E+03
  0.44400000E+01  0.12673671E+04 -0.95053902E+03
  0.44450000E+01  0.12644356E+04 -0.95991682E+03
  0.44500000E+01  0.12596209E+04 -0.97064058E+03
  0.44550000E+01  0.12545698E+04 -0.98408519E+03
  0.44600000E+01  0.12673816E+04 -0.99490681E+03
  0.44650000E+01  0.12818777E+04 -0.10020938E+04
  0.44700000E+01  0.12909819E+04 -0.10098575E+04
  0.44750000E+01  0.12989123E+04 -0.10179938E+04
  0.44800000E+01  0.13072080E+04 -0.10260842E+04
  0.44850000E+01  0.13147170E+04 -0.10341037E+04
  0.44900000E+01  0.13203550E+04 -0.10426229E+04
  0.44950000E+01  0.13265720E+04 -0.10518399E+04
  0.45000000E+01  0.13341907E+04 -0.10616936E+04
  0.45050000E+01  0.13387192E+04 -0.10722185E+04
  0.45100000E+01  0.13619073E+04 -0.10785864E+04
  0.45150000E+01  0.13774668E+04 -0.10832865E+04
  0.45200000E+01  0.13883722E+04 -0.10881228E+04
  0.45250000E+01  0.14015911E+04 -0.10928726E+04
  0.45300000E+01  0.14167259E+04 -0.10970224E+04
  0.45350000E+01  0.14315244E+04 -0.11005208E+04
  0.45400000E+01  0.14532614E+04 -0.11021865E+04
  0.45450000E+01  0.14694373E+04 -0.11024407E+04
  0.45500000E+01  0.14818859E+04 -0.11032181E+04
  0.45550000E+01  0.14914552E+04 -0.11042123E+04
  0.45600000E+01  0.14912915E+04 -0.11084272E+04
  0.45650000E+01  0.14947471E+04 -0.11140037E+04
  0.45700000E+01  0.14991057E+04 -0.11205452E+04
  0.45750000E+01  0.15060500E+04 -0.11278571E+04
  0.45800000E+01  0.15145233E+04 -0.11366990E+04
  0.45850000E+01  0.15273046E+04 -0.11463367E+04
  0.45900000E+01  0.15412389E+04 -0.11568408E+04
  0.45950000E+01  0.15577353E+04 -0.11665415E+04
  0.46000000E+01  0.16013911E+04 -0.11640518E+04
  0.46050000E+01  0.16207081E+04 -0.11625189E+04
  0.46100000E+01  0.16373115E+04 -0.11611506E+04
  0.46150000E+01  0.16560055E+04 -0.11608237E+04
  0.46200000E+01  0.16784086E+04 -0.11595949E+04
  0.46250000E+01  0.16974825E+04 -0.11591702E+04
  0.46300000E+01  0.17300481E+04 -0.11575200E+04
  0.46350000E+01  0.17688155E+04 -0.11516225E+04
  0.46400000E+01  0.18156680E+04 -0.11399583E+04
  0.46450000E+01  0.18700802E+04 -0.11185072E+04
  0.46500000E+01  0.18878905E+04 -0.10947047E+04
  0.46550000E+01  0.18981978E+04 -0.10752146E+04
  0.46600000E+01  0.19125540E+04 -0.10566286E+04
  0.46650000E+01  0.19181640E+04 -0.10410453E+04
  0.46700000E+01  0.19334735E+04 -0.10273356E+04
  0.46750000E+01  0.19531086E+04 -0.10108747E+04
  0.46800000E+01  0.19749463E+04 -0.99010397E+03
  0.46850000E+01  0.20003025E+04 -0.95222438E+03
  0.46900000E+01  0.20029711E+04 -0.90378678E+03
  0.46950000E+01  0.19241542E+04 -0.83962104E+03
  0.47000000E+01  0.18848921E+04 -0.83852726E+03
  0.47050000E+01  0.18647218E+04 -0.83077993E+03
  0.47100000E+01  0.18295717E+04 -0.82418759E+03
  0.47150000E+01  0.17866384E+04 -0.82171044E+03
  0.47200000E+01  0.17604093E+04 -0.82697883E+03
  0.47250000E+01  0.17324953E+04 -0.83398841E+03
  0.47300000E+01  0.17109057E+04 -0.84548833E+03
  0.47350000E+01  0.16969031E+04 -0.85807761E+03
  0.47400000E+01  0.16829706E+04 -0.87122130E+03
  0.47450000E+01  0.16759475E+04 -0.88484745E+03
  0.47500000E+01  0.16794712E+04 -0.89307038E+03
  0.47550000E+01  0.16786177E+04 -0.90440324E+03
  0.47600000E+01  0.16792143E+04 -0.91598737E+03
  0.47650000E+01  0.16767086E+04 -0.92565675E+03
  0.47700000E+01  0.16780047E+04 -0.93555554E+03
  0.47750000E+01  0.16795567E+04 -0.94696723E+03
  0.47800000E+01  0.16823003E+04 -0.96018495E+03
  0.47850000E+01  0.16860988E+04 -0.97360203E+03
  0.47900000E+01  0.16921699E+04 -0.98845491E+03
  0.47950000E+01  0.17061076E+04 -0.10016519E+04
  0.48000000E+01  0.17234853E+04 -0.10110473E+04
  0.48050000E+01  0.17369020E+04 -0.10191629E+04
  0.48100000E+01  0.17488677E+04 -0.10293504E+04
  0.48150000E+01  0.17624352E+04 -0.10390229E+04
  0.48200000E+01  0.17782446E+04 -0.10489126E+04
  0.48250000E+01  0.17957218E+04 -0.10603779E+04
  0.48300000E+01  0.18142568E+04 -0.10724901E+04
  0.48350000E+01  0.18357112E+04 -0.10858026E+04
  0.48400000E+01  0.18699973E+04 -0.10952117E+04
  0.48450000E+01  0.19046645E+04 -0.10994040E+04
  0.48500000E+01  0.19359397E+04 -0.11086485E+04
  0.48550000E+01  0.19779395E+04 -0.11183153E+04
  0.48600000E+01  0.20614935E+04 -0.11115376E+04
  0.48650000E+01  0.21469682E+04 -0.10645409E+04
  0.48700000E+01  0.21817847E+04 -0.10057513E+04
  0.48750000E+01  0.21766180E+04 -0.97501714E+03
  0.48800000E+01  0.21882506E+04 -0.95318046E+03
  0.48850000E+01  0.22004971E+04 -0.93017318E+03
  0.48900000E+01  0.22226911E+04 -0.89337562E+03
  0.48950000E+01  0.22084722E+04 -0.86560914E+03
  0.49000000E+01  0.21969155E+04 -0.84630979E+03
  0.49050000E+01  0.21996531E+04 -0.82794423E+03
  0.49100000E+01  0.21910097E+04 -0.80354351E+03
  0.49150000E+01  0.21715542E+04 -0.78029421E+03
  0.49200000E+01  0.21420950E+04 -0.76352080E+03
  0.49250000E+01  0.21193928E+04 -0.75650721E+03
  0.49300000E+01  0.20907904E+04 -0.75009550E+03
  0.49350000E+01  0.20653079E+04 -0.75229184E+03
  0.49400000E+01  0.20485444E+04 -0.76075197E+03
  0.49450000E+01  0.20456051E+04 -0.77273971E+03
  0.49500000E+01  0.20516543E+04 -0.78313982E+03
  0.49550000E+01  0.20634737E+04 -0.78997257E+03
  0.49600000E+01  0.20747286E+04 -0.79508629E+03
  0.49650000E+01  0.20996078E+04 -0.79684680E+03
  0.49700000E+01  0.21173532E+04 -0.79344085E+03
  0.49750000E+01  0.21385009E+04 -0.78513867E+03
  0.49800000E+01  0.21463662E+04 -0.77528685E+03
  0.49850000E+01  0.21497664E+04 -0.76814478E+03
  0.49900000E+01  0.21480331E+04 -0.76260074E+03
  0.49950000E+01  0.21446204E+04 -0.75875546E+03
  0.50000000E+01  0.21416466E+04 -0.75663095E+03
