  0.00000000E+00  0.55031591E-44 -0.45144165E-16
  0.50000000E-02  0.55031714E-44 -0.16511530E+01
  0.10000000E-01  0.55032080E-44 -0.33023336E+01
  0.15000000E-01  0.55032691E-44 -0.49535695E+01
  0.20000000E-01  0.55033547E-44 -0.66048883E+01
  0.25000000E-01  0.55034647E-44 -0.82563177E+01
  0.30000000E-01  0.55035992E-44 -0.99078853E+01
  0.35000000E-01  0.55037581E-44 -0.11559619E+02
  0.40000000E-01  0.55039415E-44 -0.13211546E+02
  0.45000000E-01  0.55041493E-44 -0.14863694E+02
  0.50000000E-01  0.55043816E-44 -0.16516092E+02
  0.55000000E-01  0.55046383E-44 -0.18168766E+02
  0.60000000E-01  0.55049195E-44 -0.19821745E+02
  0.65000000E-01  0.55052251E-44 -0.21475057E+02
  0.70000000E-01  0.55055552E-44 -0.23128730E+02
  0.75000000E-01  0.55059097E-44 -0.24782790E+02
  0.80000000E-01  0.55062887E-44 -0.26437268E+02
  0.85000000E-01  0.55066922E-44 -0.28092190E+02
  0.90000000E-01  0.55071201E-44 -0.29747584E+02
  0.95000000E-01  0.55075725E-44 -0.31403480E+02
  0.10000000E+00  0.55080493E-44 -0.33059905E+02
  0.10500000E+00  0.55085506E-44 -0.34716887E+02
  0.11000000E+00  0.55090764E-44 -0.36374456E+02
  0.11500000E+00  0.55096266E-44 -0.38032639E+02
  0.12000000E+00  0.55102013E-44 -0.39691465E+02
  0.12500000E+00  0.55108005E-44 -0.41350963E+02
  0.13000000E+00  0.55114241E-44 -0.43011161E+02
  0.13500000E+00  0.55120722E-44 -0.44672089E+02
  0.14000000E+00  0.55127448E-44 -0.46333775E+02
  0.14500000E+00  0.55134419E-44 -0.47996249E+02
  0.15000000E+00  0.55141635E-44 -0.49659539E+02
  0.15500000E+00  0.55149095E-44 -0.51323675E+02
  0.16000000E+00  0.55156801E-44 -0.52988687E+02
  0.16500000E+00  0.55164751E-44 -0.54654603E+02
  0.17000000E+00  0.55172946E-44 -0.56321454E+02
  0.17500000E+00  0.55181386E-44 -0.57989269E+02
  0.18000000E+00  0.55190071E-44 -0.59658079E+02
  0.18500000E+00  0.55199001E-44 -0.61327913E+02
  0.19000000E+00  0.55208176E-44 -0.62998802E+02
  0.19500000E+00  0.55217596E-44 -0.64670776E+02
  0.20000000E+00  0.55227262E-44 -0.66343866E+02
  0.20500000E+00  0.55237172E-44 -0.68018102E+02
  0.21000000E+00  0.55247327E-44 -0.69693515E+02
  0.21500000E+00  0.55257728E-44 -0.71370136E+02
  0.22000000E+00  0.55268374E-44 -0.73047997E+02
  0.22500000E+00  0.55279265E-44 -0.74727128E+02
  0.23000000E+00  0.55290401E-44 -0.76407562E+02
  0.23500000E+00  0.55301783E-44 -0.78089331E+02
  0.24000000E+00  0.55313410E-44 -0.79772466E+02
  0.24500000E+00  0.55325283E-44 -0.81456999E+02
  0.25000000E+00  0.55337401E-44 -0.83142963E+02
  0.25500000E+00  0.55349764E-44 -0.84830391E+02
  0.26000000E+00  0.55362373E-44 -0.86519316E+02
  0.26500000E+00  0.55375228E-44 -0.88209770E+02
  0.27000000E+00  0.55388328E-44 -0.89901787E+02
  0.27500000E+00  0.55401673E-44 -0.91595400E+02
  0.28000000E+00  0.55415265E-44 -0.93290644E+02
  0.28500000E+00  0.55429102E-44 -0.94987552E+02
  0.29000000E+00  0.55443185E-44 -0.96686159E+02
  0.29500000E+00  0.55457514E-44 -0.98386500E+02
  0.30000000E+00  0.55472088E-44 -0.10008861E+03
  0.30500000E+00  0.55486909E-44 -0.10179252E+03
  0.31000000E+00  0.55501975E-44 -0.10349827E+03
  0.31500000E+00  0.55517288E-44 -0.10520590E+03
  0.32000000E+00  0.55532847E-44 -0.10691544E+03
  0.32500000E+00  0.55548651E-44 -0.10862692E+03
  0.33000000E+00  0.55564702E-44 -0.11034039E+03
  0.33500000E+00  0.55580999E-44 -0.11205588E+03
  0.34000000E+00  0.55597543E-44 -0.11377343E+03
  0.34500000E+00  0.55614332E-44 -0.11549308E+03
  0.35000000E+00  0.55631368E-44 -0.11721486E+03
  0.35500000E+00  0.55648651E-44 -0.11893882E+03
  0.36000000E+00  0.55666180E-44 -0.12066498E+03
  0.36500000E+00  0.55683955E-44 -0.12239340E+03
  0.37000000E+00  0.55701978E-44 -0.12412411E+03
  0.37500000E+00  0.55720246E-44 -0.12585715E+03
  0.38000000E+00  0.55738762E-44 -0.12759257E+03
  0.38500000E+00  0.55757524E-44 -0.12933039E+03
  0.39000000E+00  0.55776533E-44 -0.13107068E+03
  0.39500000E+00  0.55795789E-44 -0.13281346E+03
  0.40000000E+00  0.55815293E-44 -0.13455877E+03
  0.40500000E+00  0.55835043E-44 -0.13630667E+03
  0.41000000E+00  0.55855040E-44 -0.13805720E+03
  0.41500000E+00  0.55875284E-44 -0.13981039E+03
  0.42000000E+00  0.55895776E-44 -0.14156630E+03
  0.42500000E+00  0.55916515E-44 -0.14332497E+03
  0.43000000E+00  0.55937501E-44 -0.14508644E+03
  0.43500000E+00  0.55958734E-44 -0.14685076E+03
  0.44000000E+00  0.55980216E-44 -0.14861798E+03
  0.44500000E+00  0.56001944E-44 -0.15038815E+03
  0.45000000E+00  0.56023921E-44 -0.15216130E+03
  0.45500000E+00  0.56046145E-44 -0.15393750E+03
  0.46000000E+00  0.56068617E-44 -0.15571679E+03
  0.46500000E+00  0.56091336E-44 -0.15749922E+03
  0.47000000E+00  0.56114304E-44 -0.15928484E+03
  0.47500000E+00  0.56137520E-44 -0.16107370E+03
  0.48000000E+00  0.56160984E-44 -0.16286586E+03
  0.48500000E+00  0.56184695E-44 -0.16466136E+03
  0.49000000E+00  0.56208656E-44 -0.16646026E+03
  0.49500000E+00  0.56232864E-44 -0.16826262E+03
  0.50000000E+00  0.56257321E-44 -0.17006849E+03
  0.50500000E+00  0.56282026E-44 -0.17187793E+03
  0.51000000E+00  0.56306980E-44 -0.17369099E+03
  0.51500000E+00  0.56332183E-44 -0.17550773E+03
  0.52000000E+00  0.56357634E-44 -0.17732821E+03
  0.52500000E+00  0.56383334E-44 -0.17915249E+03
  0.53000000E+00  0.56409283E-44 -0.18098063E+03
  0.53500000E+00  0.56435481E-44 -0.18281270E+03
  0.54000000E+00  0.56461928E-44 -0.18464875E+03
  0.54500000E+00  0.56488624E-44 -0.18648884E+03
  0.55000000E+00  0.56515571E-44 -0.18833305E+03
  0.55500000E+00  0.56542777E-44 -0.19018145E+03
  0.56000000E+00  0.56570324E-44 -0.19203408E+03
  0.56500000E+00  0.56598914E-44 -0.19389104E+03
  0.57000000E+00  0.56634457E-44 -0.19575238E+03
  0.57500000E+00  0.56725885E-44 -0.19761817E+03
  0.58000000E+00  0.57270114E-44 -0.19948850E+03
  0.58500000E+00  0.61423441E-44 -0.20136343E+03
  0.59000000E+00  0.93790802E-44 -0.20324303E+03
  0.59500000E+00  0.34240945E-43 -0.20512739E+03
  0.60000000E+00  0.22161008E-42 -0.20701659E+03
  0.60500000E+00  0.16063235E-41 -0.20891069E+03
  0.61000000E+00  0.11640951E-40 -0.21080979E+03
  0.61500000E+00  0.82948143E-40 -0.21271397E+03
  0.62000000E+00  0.57985085E-39 -0.21462331E+03
  0.62500000E+00  0.39755645E-38 -0.21653790E+03
  0.63000000E+00  0.26733242E-37 -0.21845783E+03
  0.63500000E+00  0.17631440E-36 -0.22038319E+03
  0.64000000E+00  0.11405693E-35 -0.22231407E+03
  0.64500000E+00  0.72371374E-35 -0.22425056E+03
  0.65000000E+00  0.45043809E-34 -0.22619277E+03
  0.65500000E+00  0.27500234E-33 -0.22814079E+03
  0.66000000E+00  0.16469409E-32 -0.23009472E+03
  0.66500000E+00  0.96753002E-32 -0.23205467E+03
  0.67000000E+00  0.55756664E-31 -0.23402075E+03
  0.67500000E+00  0.31518998E-30 -0.23599306E+03
  0.68000000E+00  0.17477716E-29 -0.23797171E+03
  0.68500000E+00  0.95065417E-29 -0.23995683E+03
  0.69000000E+00  0.50718975E-28 -0.24194852E+03
  0.69500000E+00  0.26540439E-27 -0.24394692E+03
  0.70000000E+00  0.13621041E-26 -0.24595213E+03
  0.70500000E+00  0.68556278E-26 -0.24796430E+03
  0.71000000E+00  0.33836410E-25 -0.24998356E+03
  0.71500000E+00  0.16375042E-24 -0.25201003E+03
  0.72000000E+00  0.77695963E-24 -0.25404386E+03
  0.72500000E+00  0.36139761E-23 -0.25608518E+03
  0.73000000E+00  0.16477543E-22 -0.25813416E+03
  0.73500000E+00  0.73631991E-22 -0.26019093E+03
  0.74000000E+00  0.32244213E-21 -0.26225565E+03
  0.74500000E+00  0.13835362E-20 -0.26432849E+03
  0.75000000E+00  0.58159931E-20 -0.26640961E+03
  0.75500000E+00  0.23949274E-19 -0.26849919E+03
  0.76000000E+00  0.96590937E-19 -0.27059739E+03
  0.76500000E+00  0.38150215E-18 -0.27270441E+03
  0.77000000E+00  0.14754224E-17 -0.27482043E+03
  0.77500000E+00  0.55864835E-17 -0.27694564E+03
  0.78000000E+00  0.20706644E-16 -0.27908026E+03
  0.78500000E+00  0.75124081E-16 -0.28122449E+03
  0.79000000E+00  0.26674694E-15 -0.28337854E+03
  0.79500000E+00  0.92688746E-15 -0.28554264E+03
  0.80000000E+00  0.31515381E-14 -0.28771704E+03
  0.80500000E+00  0.10484590E-13 -0.28990196E+03
  0.81000000E+00  0.34125885E-13 -0.29209767E+03
  0.81500000E+00  0.10866635E-12 -0.29430442E+03
  0.82000000E+00  0.33850495E-12 -0.29652249E+03
  0.82500000E+00  0.10315218E-11 -0.29875217E+03
  0.83000000E+00  0.30748511E-11 -0.30099375E+03
  0.83500000E+00  0.89659049E-11 -0.30324754E+03
  0.84000000E+00  0.25573071E-10 -0.30551387E+03
  0.84500000E+00  0.71348607E-10 -0.30779307E+03
  0.85000000E+00  0.19471359E-09 -0.31008550E+03
  0.85500000E+00  0.51976467E-09 -0.31239153E+03
  0.86000000E+00  0.13570745E-08 -0.31471154E+03
  0.86500000E+00  0.34655094E-08 -0.31704596E+03
  0.87000000E+00  0.86550213E-08 -0.31939520E+03
  0.87500000E+00  0.21138189E-07 -0.32175972E+03
  0.88000000E+00  0.50479521E-07 -0.32413999E+03
  0.88500000E+00  0.11785472E-06 -0.32653652E+03
  0.89000000E+00  0.26895895E-06 -0.32894983E+03
  0.89500000E+00  0.59984754E-06 -0.33138048E+03
  0.90000000E+00  0.13070863E-05 -0.33382906E+03
  0.90500000E+00  0.27819563E-05 -0.33629620E+03
  0.91000000E+00  0.57813542E-05 -0.33878257E+03
  0.91500000E+00  0.11726293E-04 -0.34128887E+03
  0.92000000E+00  0.23201486E-04 -0.34381586E+03
  0.92500000E+00  0.44750344E-04 -0.34636435E+03
  0.93000000E+00  0.84061004E-04 -0.34893518E+03
  0.93500000E+00  0.15357855E-03 -0.35152928E+03
  0.94000000E+00  0.27236680E-03 -0.35414764E+03
  0.94500000E+00  0.46751108E-03 -0.35679132E+03
  0.95000000E+00  0.77323158E-03 -0.35946145E+03
  0.95500000E+00  0.12238672E-02 -0.36215928E+03
  0.96000000E+00  0.18340341E-02 -0.36488612E+03
  0.96500000E+00  0.25569393E-02 -0.36764342E+03
  0.97000000E+00  0.32145339E-02 -0.37043275E+03
  0.97500000E+00  0.34100148E-02 -0.37325581E+03
  0.98000000E+00  0.24748990E-02 -0.37611447E+03
  0.98500000E+00 -0.43372783E-03 -0.37901076E+03
  0.99000000E+00 -0.59368950E-02 -0.38194690E+03
  0.99500000E+00 -0.13717647E-01 -0.38492533E+03
  0.10000000E+01 -0.21898311E-01 -0.38794874E+03
  0.10050000E+01 -0.27521757E-01 -0.39102007E+03
  0.10100000E+01 -0.29047478E-01 -0.39414251E+03
  0.10150000E+01 -0.29513090E-01 -0.39731955E+03
  0.10200000E+01 -0.34823620E-01 -0.40055492E+03
  0.10250000E+01 -0.42927924E-01 -0.40385247E+03
  0.10300000E+01 -0.34774774E-01 -0.40721601E+03
  0.10350000E+01  0.11846803E-01 -0.41064922E+03
  0.10400000E+01  0.11666102E+00 -0.41415607E+03
  0.10450000E+01  0.31468026E+00 -0.41774064E+03
  0.10500000E+01  0.66697307E+00 -0.42140665E+03
  0.10550000E+01  0.11915550E+01 -0.42515564E+03
  0.10600000E+01  0.15231992E+01 -0.42898240E+03
  0.10650000E+01  0.40829691E+00 -0.43286170E+03
  0.10700000E+01 -0.27226386E+01 -0.43670679E+03
  0.10750000E+01  0.20598029E+00 -0.44027061E+03
  0.10800000E+01  0.13248068E+02 -0.44198845E+03
  0.10850000E+01  0.19517890E+02 -0.44379683E+03
  0.10900000E+01  0.24584458E+02 -0.44555582E+03
  0.10950000E+01  0.28554093E+02 -0.44732695E+03
  0.11000000E+01  0.32213197E+02 -0.44911329E+03
  0.11050000E+01  0.35307019E+02 -0.45091464E+03
  0.11100000E+01  0.38006605E+02 -0.45273016E+03
  0.11150000E+01  0.40529505E+02 -0.45455881E+03
  0.11200000E+01  0.42878378E+02 -0.45639924E+03
  0.11250000E+01  0.45041517E+02 -0.45824978E+03
  0.11300000E+01  0.47096896E+02 -0.46010853E+03
  0.11350000E+01  0.49124057E+02 -0.46197326E+03
  0.11400000E+01  0.51155236E+02 -0.46384170E+03
  0.11450000E+01  0.53195806E+02 -0.46571182E+03
  0.11500000E+01  0.55240611E+02 -0.46758196E+03
  0.11550000E+01  0.57271683E+02 -0.46945110E+03
  0.11600000E+01  0.59259876E+02 -0.47131902E+03
  0.11650000E+01  0.61175002E+02 -0.47318631E+03
  0.11700000E+01  0.62994422E+02 -0.47505409E+03
  0.11750000E+01  0.64705820E+02 -0.47692387E+03
  0.11800000E+01  0.66307409E+02 -0.47879726E+03
  0.11850000E+01  0.67808196E+02 -0.48067574E+03
  0.11900000E+01  0.69227448E+02 -0.48256034E+03
  0.11950000E+01  0.70591718E+02 -0.48445153E+03
  0.12000000E+01  0.71929621E+02 -0.48634918E+03
  0.12050000E+01  0.73266195E+02 -0.48825258E+03
  0.12100000E+01  0.74618787E+02 -0.49016051E+03
  0.12150000E+01  0.75995322E+02 -0.49207131E+03
  0.12200000E+01  0.77394781E+02 -0.49398300E+03
  0.12250000E+01  0.78809208E+02 -0.49589347E+03
  0.12300000E+01  0.80226493E+02 -0.49780065E+03
  0.12350000E+01  0.81633317E+02 -0.49970272E+03
  0.12400000E+01  0.83017754E+02 -0.50159823E+03
  0.12450000E+01  0.84371102E+02 -0.50348620E+03
  0.12500000E+01  0.85688753E+02 -0.50536611E+03
  0.12550000E+01  0.86970104E+02 -0.50723778E+03
  0.12600000E+01  0.88217785E+02 -0.50910128E+03
  0.12650000E+01  0.89436546E+02 -0.51095678E+03
  0.12700000E+01  0.90632170E+02 -0.51280464E+03
  0.12750000E+01  0.91810610E+02 -0.51464546E+03
  0.12800000E+01  0.92977380E+02 -0.51648020E+03
  0.12850000E+01  0.94137148E+02 -0.51831005E+03
  0.12900000E+01  0.95293426E+02 -0.52013620E+03
  0.12950000E+01  0.96448323E+02 -0.52195960E+03
  0.13000000E+01  0.97602432E+02 -0.52378097E+03
  0.13050000E+01  0.98754931E+02 -0.52560087E+03
  0.13100000E+01  0.99903983E+02 -0.52741990E+03
  0.13150000E+01  0.10104739E+03 -0.52923877E+03
  0.13200000E+01  0.10218335E+03 -0.53105827E+03
  0.13250000E+01  0.10331102E+03 -0.53287915E+03
  0.13300000E+01  0.10443073E+03 -0.53470200E+03
  0.13350000E+01  0.10554371E+03 -0.53652728E+03
  0.13400000E+01  0.10665141E+03 -0.53835534E+03
  0.13450000E+01  0.10775478E+03 -0.54018652E+03
  0.13500000E+01  0.10885375E+03 -0.54202115E+03
  0.13550000E+01  0.10994729E+03 -0.54385946E+03
  0.13600000E+01  0.11103397E+03 -0.54570157E+03
  0.13650000E+01  0.11211282E+03 -0.54754757E+03
  0.13700000E+01  0.11318409E+03 -0.54939768E+03
  0.13750000E+01  0.11424960E+03 -0.55125236E+03
  0.13800000E+01  0.11531225E+03 -0.55311224E+03
  0.13850000E+01  0.11637505E+03 -0.55497782E+03
  0.13900000E+01  0.11743992E+03 -0.55684925E+03
  0.13950000E+01  0.11850692E+03 -0.55872628E+03
  0.14000000E+01  0.11957411E+03 -0.56060847E+03
  0.14050000E+01  0.12063842E+03 -0.56249555E+03
  0.14100000E+01  0.12169692E+03 -0.56438770E+03
  0.14150000E+01  0.12274823E+03 -0.56628556E+03
  0.14200000E+01  0.12379323E+03 -0.56818994E+03
  0.14250000E+01  0.12483492E+03 -0.57010143E+03
  0.14300000E+01  0.12587735E+03 -0.57202012E+03
  0.14350000E+01  0.12692412E+03 -0.57394560E+03
  0.14400000E+01  0.12797695E+03 -0.57587729E+03
  0.14450000E+01  0.12903505E+03 -0.57781489E+03
  0.14500000E+01  0.13009543E+03 -0.57975854E+03
  0.14550000E+01  0.13115399E+03 -0.58170883E+03
  0.14600000E+01  0.13220716E+03 -0.58366638E+03
  0.14650000E+01  0.13325330E+03 -0.58563153E+03
  0.14700000E+01  0.13429347E+03 -0.58760424E+03
  0.14750000E+01  0.13533121E+03 -0.58958424E+03
  0.14800000E+01  0.13637149E+03 -0.59157132E+03
  0.14850000E+01  0.13741901E+03 -0.59356559E+03
  0.14900000E+01  0.13847656E+03 -0.59556744E+03
  0.14950000E+01  0.13954391E+03 -0.59757726E+03
  0.15000000E+01  0.14061772E+03 -0.59959517E+03
  0.15050000E+01  0.14169259E+03 -0.60162095E+03
  0.15100000E+01  0.14276298E+03 -0.60365415E+03
  0.15150000E+01  0.14382540E+03 -0.60569446E+03
  0.15200000E+01  0.14487997E+03 -0.60774205E+03
  0.15250000E+01  0.14593074E+03 -0.60979761E+03
  0.15300000E+01  0.14698452E+03 -0.61186209E+03
  0.15350000E+01  0.14804840E+03 -0.61393615E+03
  0.15400000E+01  0.14912710E+03 -0.61601979E+03
  0.15450000E+01  0.15022102E+03 -0.61811228E+03
  0.15500000E+01  0.15132599E+03 -0.62021256E+03
  0.15550000E+01  0.15243477E+03 -0.62231990E+03
  0.15600000E+01  0.15353992E+03 -0.62443435E+03
  0.15650000E+01  0.15463672E+03 -0.62655682E+03
  0.15700000E+01  0.15572510E+03 -0.62868866E+03
  0.15750000E+01  0.15680958E+03 -0.63083096E+03
  0.15800000E+01  0.15789759E+03 -0.63298403E+03
  0.15850000E+01  0.15899656E+03 -0.63514725E+03
  0.15900000E+01  0.16011134E+03 -0.63731948E+03
  0.15950000E+01  0.16124274E+03 -0.63949970E+03
  0.16000000E+01  0.16238764E+03 -0.64168766E+03
  0.16050000E+01  0.16354058E+03 -0.64388402E+03
  0.16100000E+01  0.16469577E+03 -0.64608998E+03
  0.16150000E+01  0.16584896E+03 -0.64830665E+03
  0.16200000E+01  0.16699840E+03 -0.65053442E+03
  0.16250000E+01  0.16814493E+03 -0.65277287E+03
  0.16300000E+01  0.16929153E+03 -0.65502107E+03
  0.16350000E+01  0.17044252E+03 -0.65727825E+03
  0.16400000E+01  0.17160281E+03 -0.65954433E+03
  0.16450000E+01  0.17277704E+03 -0.66182004E+03
  0.16500000E+01  0.17396849E+03 -0.66410658E+03
  0.16550000E+01  0.17517800E+03 -0.66640488E+03
  0.16600000E+01  0.17640316E+03 -0.66871509E+03
  0.16650000E+01  0.17763829E+03 -0.67103643E+03
  0.16700000E+01  0.17887586E+03 -0.67336770E+03
  0.16750000E+01  0.18010891E+03 -0.67570802E+03
  0.16800000E+01  0.18133395E+03 -0.67805752E+03
  0.16850000E+01  0.18255300E+03 -0.68041737E+03
  0.16900000E+01  0.18377371E+03 -0.68278930E+03
  0.16950000E+01  0.18500708E+03 -0.68517474E+03
  0.17000000E+01  0.18626355E+03 -0.68757405E+03
  0.17050000E+01  0.18754884E+03 -0.68998634E+03
  0.17100000E+01  0.18886142E+03 -0.69240998E+03
  0.17150000E+01  0.19019283E+03 -0.69484350E+03
  0.17200000E+01  0.19153081E+03 -0.69728651E+03
  0.17250000E+01  0.19286412E+03 -0.69973995E+03
  0.17300000E+01  0.19418702E+03 -0.70220576E+03
  0.17350000E+01  0.19550151E+03 -0.70468591E+03
  0.17400000E+01  0.19681642E+03 -0.70718152E+03
  0.17450000E+01  0.19814391E+03 -0.70969237E+03
  0.17500000E+01  0.19949476E+03 -0.71221725E+03
  0.17550000E+01  0.20087462E+03 -0.71475474E+03
  0.17600000E+01  0.20228253E+03 -0.71730408E+03
  0.17650000E+01  0.20371214E+03 -0.71986568E+03
  0.17700000E+01  0.20515478E+03 -0.72244094E+03
  0.17750000E+01  0.20660294E+03 -0.72503153E+03
  0.17800000E+01  0.20805272E+03 -0.72763864E+03
  0.17850000E+01  0.20950435E+03 -0.73026253E+03
  0.17900000E+01  0.21096113E+03 -0.73290267E+03
  0.17950000E+01  0.21242752E+03 -0.73555833E+03
  0.18000000E+01  0.21390744E+03 -0.73822921E+03
  0.18050000E+01  0.21540353E+03 -0.74091575E+03
  0.18100000E+01  0.21691739E+03 -0.74361895E+03
  0.18150000E+01  0.21845020E+03 -0.74633983E+03
  0.18200000E+01  0.22000321E+03 -0.74907897E+03
  0.18250000E+01  0.22157750E+03 -0.75183633E+03
  0.18300000E+01  0.22317317E+03 -0.75461150E+03
  0.18350000E+01  0.22478840E+03 -0.75740406E+03
  0.18400000E+01  0.22641925E+03 -0.76021396E+03
  0.18450000E+01  0.22806052E+03 -0.76304149E+03
  0.18500000E+01  0.22970768E+03 -0.76588710E+03
  0.18550000E+01  0.23135919E+03 -0.76875110E+03
  0.18600000E+01  0.23301806E+03 -0.77163360E+03
  0.18650000E+01  0.23469184E+03 -0.77453467E+03
  0.18700000E+01  0.23639057E+03 -0.77745455E+03
  0.18750000E+01  0.23812326E+03 -0.78039372E+03
  0.18800000E+01  0.23989423E+03 -0.78335268E+03
  0.18850000E+01  0.24170087E+03 -0.78633152E+03
  0.18900000E+01  0.24353388E+03 -0.78932976E+03
  0.18950000E+01  0.24538051E+03 -0.79234655E+03
  0.19000000E+01  0.24722947E+03 -0.79538127E+03
  0.19050000E+01  0.24907571E+03 -0.79843432E+03
  0.19100000E+01  0.25092304E+03 -0.80150736E+03
  0.19150000E+01  0.25278326E+03 -0.80460282E+03
  0.19200000E+01  0.25467186E+03 -0.80772284E+03
  0.19250000E+01  0.25660216E+03 -0.81086818E+03
  0.19300000E+01  0.25858013E+03 -0.81403788E+03
  0.19350000E+01  0.26060230E+03 -0.81723002E+03
  0.19400000E+01  0.26265761E+03 -0.82044318E+03
  0.19450000E+01  0.26473242E+03 -0.82367792E+03
  0.19500000E+01  0.26681641E+03 -0.82693716E+03
  0.19550000E+01  0.26890677E+03 -0.83022535E+03
  0.19600000E+01  0.27100895E+03 -0.83354688E+03
  0.19650000E+01  0.27313373E+03 -0.83690466E+03
  0.19700000E+01  0.27529131E+03 -0.84030000E+03
  0.19750000E+01  0.27748286E+03 -0.84373398E+03
  0.19800000E+01  0.27970225E+03 -0.84720967E+03
  0.19850000E+01  0.28202099E+03 -0.85073388E+03
  0.19900000E+01  0.28438779E+03 -0.85431289E+03
  0.19950000E+01  0.28709159E+03 -0.85781577E+03
  0.20000000E+01  0.29049132E+03 -0.86105377E+03
  0.20050000E+01  0.29341141E+03 -0.86431579E+03
  0.20100000E+01  0.29622380E+03 -0.86760714E+03
  0.20150000E+01  0.29899768E+03 -0.87092552E+03
  0.20200000E+01  0.30175478E+03 -0.87426918E+03
  0.20250000E+01  0.30450726E+03 -0.87763778E+03
  0.20300000E+01  0.30725901E+03 -0.88103243E+03
  0.20350000E+01  0.31001559E+03 -0.88445494E+03
  0.20400000E+01  0.31278587E+03 -0.88790687E+03
  0.20450000E+01  0.31558317E+03 -0.89138889E+03
  0.20500000E+01  0.31842132E+03 -0.89490062E+03
  0.20550000E+01  0.32131091E+03 -0.89844096E+03
  0.20600000E+01  0.32425539E+03 -0.90200854E+03
  0.20650000E+01  0.32725048E+03 -0.90560231E+03
  0.20700000E+01  0.33028671E+03 -0.90922197E+03
  0.20750000E+01  0.33335427E+03 -0.91286812E+03
  0.20800000E+01  0.33644825E+03 -0.91654202E+03
  0.20850000E+01  0.33957183E+03 -0.92024509E+03
  0.20900000E+01  0.34273607E+03 -0.92397818E+03
  0.20950000E+01  0.34595651E+03 -0.92774124E+03
  0.21000000E+01  0.34924786E+03 -0.93153339E+03
  0.21050000E+01  0.35261910E+03 -0.93535339E+03
  0.21100000E+01  0.35607102E+03 -0.93920035E+03
  0.21150000E+01  0.35959703E+03 -0.94307400E+03
  0.21200000E+01  0.36318781E+03 -0.94697473E+03
  0.21250000E+01  0.36683805E+03 -0.95090329E+03
  0.21300000E+01  0.37054447E+03 -0.95486040E+03
  0.21350000E+01  0.37429498E+03 -0.95884573E+03
  0.21400000E+01  0.37815235E+03 -0.96285302E+03
  0.21450000E+01  0.38208556E+03 -0.96688521E+03
  0.21500000E+01  0.38611184E+03 -0.97094181E+03
  0.21550000E+01  0.39023736E+03 -0.97502143E+03
  0.21600000E+01  0.39446370E+03 -0.97912273E+03
  0.21650000E+01  0.39878911E+03 -0.98324500E+03
  0.21700000E+01  0.40321182E+03 -0.98738825E+03
  0.21750000E+01  0.40773183E+03 -0.99155284E+03
  0.21800000E+01  0.41235198E+03 -0.99573890E+03
  0.21850000E+01  0.41707712E+03 -0.99994574E+03
  0.21900000E+01  0.42191274E+03 -0.10041719E+04
  0.21950000E+01  0.42686354E+03 -0.10084157E+04
  0.22000000E+01  0.43193283E+03 -0.10126753E+04
  0.22050000E+01  0.43712293E+03 -0.10169497E+04
  0.22100000E+01  0.44243640E+03 -0.10212380E+04
  0.22150000E+01  0.44787727E+03 -0.10255398E+04
  0.22200000E+01  0.45345190E+03 -0.10298547E+04
  0.22250000E+01  0.45916873E+03 -0.10341817E+04
  0.22300000E+01  0.46503695E+03 -0.10385191E+04
  0.22350000E+01  0.47106426E+03 -0.10428647E+04
  0.22400000E+01  0.47725496E+03 -0.10472160E+04
  0.22450000E+01  0.48360968E+03 -0.10515709E+04
  0.22500000E+01  0.49012748E+03 -0.10559275E+04
  0.22550000E+01  0.49680918E+03 -0.10602843E+04
  0.22600000E+01  0.50365961E+03 -0.10646400E+04
  0.22650000E+01  0.51068763E+03 -0.10689931E+04
  0.22700000E+01  0.51790490E+03 -0.10733417E+04
  0.22750000E+01  0.52532480E+03 -0.10776833E+04
  0.22800000E+01  0.53296147E+03 -0.10820146E+04
  0.22850000E+01  0.54082773E+03 -0.10863325E+04
  0.22900000E+01  0.54893246E+03 -0.10906340E+04
  0.22950000E+01  0.55728026E+03 -0.10949163E+04
  0.23000000E+01  0.56587454E+03 -0.10991771E+04
  0.23050000E+01  0.57472154E+03 -0.11034142E+04
  0.23100000E+01  0.58383167E+03 -0.11076252E+04
  0.23150000E+01  0.59321790E+03 -0.11118073E+04
  0.23200000E+01  0.60289557E+03 -0.11159569E+04
  0.23250000E+01  0.61288552E+03 -0.11200710E+04
  0.23300000E+01  0.62321397E+03 -0.11241473E+04
  0.23350000E+01  0.63390614E+03 -0.11281832E+04
  0.23400000E+01  0.64498477E+03 -0.11321768E+04
  0.23450000E+01  0.65647847E+03 -0.11361258E+04
  0.23500000E+01  0.66842300E+03 -0.11400278E+04
  0.23550000E+01  0.68084518E+03 -0.11438788E+04
  0.23600000E+01  0.69376230E+03 -0.11476731E+04
  0.23650000E+01  0.70733880E+03 -0.11513903E+04
  0.23700000E+01  0.72154404E+03 -0.11550333E+04
  0.23750000E+01  0.73647763E+03 -0.11585944E+04
  0.23800000E+01  0.75224918E+03 -0.11620598E+04
  0.23850000E+01  0.76899798E+03 -0.11654072E+04
  0.23900000E+01  0.78689980E+03 -0.11686015E+04
  0.23950000E+01  0.80620119E+03 -0.11715861E+04
  0.24000000E+01  0.82727826E+03 -0.11742666E+04
  0.24050000E+01  0.85072265E+03 -0.11764751E+04
  0.24100000E+01  0.87732073E+03 -0.11778781E+04
  0.24150000E+01  0.90875793E+03 -0.11776373E+04
  0.24200000E+01  0.94979040E+03 -0.11724302E+04
  0.24250000E+01  0.99355007E+03 -0.11620911E+04
  0.24300000E+01  0.10399342E+04 -0.11443430E+04
  0.24350000E+01  0.10895959E+04 -0.11173104E+04
  0.24400000E+01  0.10995156E+04 -0.10923543E+04
  0.24450000E+01  0.11111404E+04 -0.10722781E+04
  0.24500000E+01  0.11259334E+04 -0.10528991E+04
  0.24550000E+01  0.11259156E+04 -0.10334380E+04
  0.24600000E+01  0.11364194E+04 -0.10194305E+04
  0.24650000E+01  0.11382297E+04 -0.10072732E+04
  0.24700000E+01  0.11616890E+04 -0.99548710E+03
  0.24750000E+01  0.12318071E+04 -0.96490433E+03
  0.24800000E+01  0.12633900E+04 -0.91864479E+03
  0.24850000E+01  0.12436743E+04 -0.87560826E+03
  0.24900000E+01  0.12085449E+04 -0.85178733E+03
  0.24950000E+01  0.11788000E+04 -0.83671013E+03
  0.25000000E+01  0.11474717E+04 -0.82428060E+03
  0.25050000E+01  0.11482476E+04 -0.80856915E+03
  0.25100000E+01  0.11396624E+04 -0.79684566E+03
  0.25150000E+01  0.11323695E+04 -0.78725085E+03
  0.25200000E+01  0.11289689E+04 -0.77796633E+03
  0.25250000E+01  0.11276081E+04 -0.76789061E+03
  0.25300000E+01  0.11233659E+04 -0.75762257E+03
  0.25350000E+01  0.11166228E+04 -0.74914720E+03
  0.25400000E+01  0.11114694E+04 -0.74192321E+03
  0.25450000E+01  0.11087558E+04 -0.73489977E+03
  0.25500000E+01  0.11085484E+04 -0.72705307E+03
  0.25550000E+01  0.11108567E+04 -0.71737877E+03
  0.25600000E+01  0.11172520E+04 -0.70664418E+03
  0.25650000E+01  0.11195996E+04 -0.69549325E+03
  0.25700000E+01  0.11144233E+04 -0.68633296E+03
  0.25750000E+01  0.11080146E+04 -0.67855118E+03
  0.25800000E+01  0.11019429E+04 -0.67161832E+03
  0.25850000E+01  0.10959601E+04 -0.66528052E+03
  0.25900000E+01  0.10900643E+04 -0.65940130E+03
  0.25950000E+01  0.10842992E+04 -0.65389672E+03
  0.26000000E+01  0.10786714E+04 -0.64871056E+03
  0.26050000E+01  0.10731526E+04 -0.64380269E+03
  0.26100000E+01  0.10677358E+04 -0.63914351E+03
  0.26150000E+01  0.10624167E+04 -0.63471049E+03
  0.26200000E+01  0.10571910E+04 -0.63048594E+03
  0.26250000E+01  0.10520525E+04 -0.62645547E+03
  0.26300000E+01  0.10469975E+04 -0.62260685E+03
  0.26350000E+01  0.10420264E+04 -0.61892915E+03
  0.26400000E+01  0.10371416E+04 -0.61541228E+03
  0.26450000E+01  0.10323442E+04 -0.61204682E+03
  0.26500000E+01  0.10276345E+04 -0.60882402E+03
  0.26550000E+01  0.10230115E+04 -0.60573591E+03
  0.26600000E+01  0.10184738E+04 -0.60277536E+03
  0.26650000E+01  0.10140203E+04 -0.59993566E+03
  0.26700000E+01  0.10096507E+04 -0.59721008E+03
  0.26750000E+01  0.10053665E+04 -0.59459158E+03
  0.26800000E+01  0.10011710E+04 -0.59207269E+03
  0.26850000E+01  0.99706855E+03 -0.58964549E+03
  0.26900000E+01  0.99306451E+03 -0.58730151E+03
  0.26950000E+01  0.98916600E+03 -0.58503165E+03
  0.27000000E+01  0.98538290E+03 -0.58282581E+03
  0.27050000E+01  0.98172954E+03 -0.58067202E+03
  0.27100000E+01  0.97822673E+03 -0.57855485E+03
  0.27150000E+01  0.97491250E+03 -0.57645237E+03
  0.27200000E+01  0.97183902E+03 -0.57432935E+03
  0.27250000E+01  0.96910568E+03 -0.57211491E+03
  0.27300000E+01  0.96680663E+03 -0.56971487E+03
  0.27350000E+01  0.96505782E+03 -0.56707362E+03
  0.27400000E+01  0.96376919E+03 -0.56391891E+03
  0.27450000E+01  0.96837685E+03 -0.55893031E+03
  0.27500000E+01  0.96295277E+03 -0.55269375E+03
  0.27550000E+01  0.95599662E+03 -0.54843204E+03
  0.27600000E+01  0.94911123E+03 -0.54501750E+03
  0.27650000E+01  0.94227339E+03 -0.54216261E+03
  0.27700000E+01  0.93551813E+03 -0.53973539E+03
  0.27750000E+01  0.92885577E+03 -0.53766014E+03
  0.27800000E+01  0.92227373E+03 -0.53588807E+03
  0.27850000E+01  0.91578071E+03 -0.53438526E+03
  0.27900000E+01  0.90937199E+03 -0.53312698E+03
  0.27950000E+01  0.90305437E+03 -0.53209315E+03
  0.28000000E+01  0.89683640E+03 -0.53126653E+03
  0.28050000E+01  0.89071702E+03 -0.53063608E+03
  0.28100000E+01  0.88470847E+03 -0.53019011E+03
  0.28150000E+01  0.87881985E+03 -0.52991788E+03
  0.28200000E+01  0.87305335E+03 -0.52980979E+03
  0.28250000E+01  0.86739348E+03 -0.52985815E+03
  0.28300000E+01  0.86182360E+03 -0.53005867E+03
  0.28350000E+01  0.85641365E+03 -0.53041072E+03
  0.28400000E+01  0.85086048E+03 -0.53088644E+03
  0.28450000E+01  0.84726426E+03 -0.53108164E+03
  0.28500000E+01  0.84270832E+03 -0.53136477E+03
  0.28550000E+01  0.83806888E+03 -0.53175439E+03
  0.28600000E+01  0.83343496E+03 -0.53224055E+03
  0.28650000E+01  0.82886182E+03 -0.53281207E+03
  0.28700000E+01  0.82431937E+03 -0.53345837E+03
  0.28750000E+01  0.81983807E+03 -0.53416842E+03
  0.28800000E+01  0.81542526E+03 -0.53492929E+03
  0.28850000E+01  0.81099523E+03 -0.53571796E+03
  0.28900000E+01  0.80672821E+03 -0.53648632E+03
  0.28950000E+01  0.80247313E+03 -0.53723327E+03
  0.29000000E+01  0.79812558E+03 -0.53798685E+03
  0.29050000E+01  0.79364810E+03 -0.53879573E+03
  0.29100000E+01  0.78908544E+03 -0.53970936E+03
  0.29150000E+01  0.78449260E+03 -0.54075797E+03
  0.29200000E+01  0.77991421E+03 -0.54195086E+03
  0.29250000E+01  0.77537990E+03 -0.54328559E+03
  0.29300000E+01  0.77090678E+03 -0.54475500E+03
  0.29350000E+01  0.76650669E+03 -0.54635068E+03
  0.29400000E+01  0.76218744E+03 -0.54806470E+03
  0.29450000E+01  0.75795430E+03 -0.54988996E+03
  0.29500000E+01  0.75380977E+03 -0.55182028E+03
  0.29550000E+01  0.74975249E+03 -0.55385013E+03
  0.29600000E+01  0.74577788E+03 -0.55597471E+03
  0.29650000E+01  0.74187993E+03 -0.55818986E+03
  0.29700000E+01  0.73805470E+03 -0.56049231E+03
  0.29750000E+01  0.73430280E+03 -0.56287959E+03
  0.29800000E+01  0.73062916E+03 -0.56534990E+03
  0.29850000E+01  0.72703924E+03 -0.56790197E+03
  0.29900000E+01  0.72353404E+03 -0.57053483E+03
  0.29950000E+01  0.72010766E+03 -0.57324755E+03
  0.30000000E+01  0.71674966E+03 -0.57603909E+03
  0.30050000E+01  0.71345074E+03 -0.57890781E+03
  0.30100000E+01  0.71020952E+03 -0.58185043E+03
  0.30150000E+01  0.70703295E+03 -0.58485917E+03
  0.30200000E+01  0.70392134E+03 -0.58791067E+03
  0.30250000E+01  0.70047004E+03 -0.59096536E+03
  0.30300000E+01  0.69685516E+03 -0.59434192E+03
  0.30350000E+01  0.69369076E+03 -0.59795099E+03
  0.30400000E+01  0.69065567E+03 -0.60171273E+03
  0.30450000E+01  0.68774105E+03 -0.60561480E+03
  0.30500000E+01  0.68492831E+03 -0.60965942E+03
  0.30550000E+01  0.68220604E+03 -0.61385634E+03
  0.30600000E+01  0.67956650E+03 -0.61822177E+03
  0.30650000E+01  0.67699407E+03 -0.62277914E+03
  0.30700000E+01  0.67445740E+03 -0.62756117E+03
  0.30750000E+01  0.67194578E+03 -0.63261347E+03
  0.30800000E+01  0.66967918E+03 -0.63799944E+03
  0.30850000E+01  0.66828331E+03 -0.64379515E+03
  0.30900000E+01  0.66315865E+03 -0.64992814E+03
  0.30950000E+01  0.67372412E+03 -0.65341045E+03
  0.31000000E+01  0.67929529E+03 -0.65545031E+03
  0.31050000E+01  0.68257611E+03 -0.65750467E+03
  0.31100000E+01  0.68488679E+03 -0.65957467E+03
  0.31150000E+01  0.68662823E+03 -0.66165998E+03
  0.31200000E+01  0.68784618E+03 -0.66375728E+03
  0.31250000E+01  0.68914393E+03 -0.66583246E+03
  0.31300000E+01  0.69015132E+03 -0.66790248E+03
  0.31350000E+01  0.69090511E+03 -0.66998756E+03
  0.31400000E+01  0.69147021E+03 -0.67209505E+03
  0.31450000E+01  0.69187859E+03 -0.67422949E+03
  0.31500000E+01  0.69215780E+03 -0.67639585E+03
  0.31550000E+01  0.69232571E+03 -0.67859930E+03
  0.31600000E+01  0.69240168E+03 -0.68084458E+03
  0.31650000E+01  0.69240364E+03 -0.68313540E+03
  0.31700000E+01  0.69234476E+03 -0.68547389E+03
  0.31750000E+01  0.69223446E+03 -0.68785982E+03
  0.31800000E+01  0.69207600E+03 -0.69029032E+03
  0.31850000E+01  0.69186175E+03 -0.69276003E+03
  0.31900000E+01  0.69156573E+03 -0.69526316E+03
  0.31950000E+01  0.69114019E+03 -0.69780016E+03
  0.32000000E+01  0.69054918E+03 -0.70039177E+03
  0.32050000E+01  0.68985641E+03 -0.70307686E+03
  0.32100000E+01  0.68923154E+03 -0.70587654E+03
  0.32150000E+01  0.68883261E+03 -0.70873768E+03
  0.32200000E+01  0.68820399E+03 -0.71161906E+03
  0.32250000E+01  0.68737298E+03 -0.71436926E+03
  0.32300000E+01  0.68455652E+03 -0.71741164E+03
  0.32350000E+01  0.68392254E+03 -0.72111667E+03
  0.32400000E+01  0.68507238E+03 -0.72513789E+03
  0.32450000E+01  0.68699894E+03 -0.72919636E+03
  0.32500000E+01  0.68818759E+03 -0.73335516E+03
  0.32550000E+01  0.69064272E+03 -0.73785649E+03
  0.32600000E+01  0.69379046E+03 -0.74239345E+03
  0.32650000E+01  0.69771834E+03 -0.74688737E+03
  0.32700000E+01  0.70249818E+03 -0.75127914E+03
  0.32750000E+01  0.70826745E+03 -0.75550342E+03
  0.32800000E+01  0.71522435E+03 -0.75947269E+03
  0.32850000E+01  0.72361799E+03 -0.76305680E+03
  0.32900000E+01  0.73384612E+03 -0.76604125E+03
  0.32950000E+01  0.74691871E+03 -0.76802875E+03
  0.33000000E+01  0.76575806E+03 -0.76812367E+03
  0.33050000E+01  0.80330217E+03 -0.76255179E+03
  0.33100000E+01  0.86402401E+03 -0.73533616E+03
  0.33150000E+01  0.82730781E+03 -0.69568122E+03
  0.33200000E+01  0.78556480E+03 -0.68132822E+03
  0.33250000E+01  0.75837174E+03 -0.67870528E+03
  0.33300000E+01  0.74014215E+03 -0.68006691E+03
  0.33350000E+01  0.72596046E+03 -0.68266125E+03
  0.33400000E+01  0.71480739E+03 -0.68565904E+03
  0.33450000E+01  0.70398799E+03 -0.68837603E+03
  0.33500000E+01  0.68437632E+03 -0.69032721E+03
  0.33550000E+01  0.67064436E+03 -0.69771871E+03
  0.33600000E+01  0.66808942E+03 -0.70749961E+03
  0.33650000E+01  0.66540178E+03 -0.71651632E+03
  0.33700000E+01  0.66339368E+03 -0.72484053E+03
  0.33750000E+01  0.66158166E+03 -0.73252205E+03
  0.33800000E+01  0.65950472E+03 -0.73984974E+03
  0.33850000E+01  0.65768024E+03 -0.74690039E+03
  0.33900000E+01  0.65628004E+03 -0.75387583E+03
  0.33950000E+01  0.65523159E+03 -0.76074656E+03
  0.34000000E+01  0.65441797E+03 -0.76748862E+03
  0.34050000E+01  0.65353908E+03 -0.77412562E+03
  0.34100000E+01  0.65293049E+03 -0.78064803E+03
  0.34150000E+01  0.65305604E+03 -0.78715214E+03
  0.34200000E+01  0.65491719E+03 -0.79353257E+03
  0.34250000E+01  0.65686454E+03 -0.79964892E+03
  0.34300000E+01  0.65869464E+03 -0.80564277E+03
  0.34350000E+01  0.66098704E+03 -0.81135466E+03
  0.34400000E+01  0.66503732E+03 -0.81657544E+03
  0.34450000E+01  0.66946853E+03 -0.82108536E+03
  0.34500000E+01  0.67082021E+03 -0.82542658E+03
  0.34550000E+01  0.67089602E+03 -0.83004562E+03
  0.34600000E+01  0.67054635E+03 -0.83497239E+03
  0.34650000E+01  0.67022643E+03 -0.84010594E+03
  0.34700000E+01  0.67000722E+03 -0.84543103E+03
  0.34750000E+01  0.67003882E+03 -0.85090133E+03
  0.34800000E+01  0.67011480E+03 -0.85648547E+03
  0.34850000E+01  0.66986609E+03 -0.86210008E+03
  0.34900000E+01  0.67219609E+03 -0.86704638E+03
  0.34950000E+01  0.67398079E+03 -0.87191375E+03
  0.35000000E+01  0.67489765E+03 -0.87708182E+03
  0.35050000E+01  0.67572766E+03 -0.88236936E+03
  0.35100000E+01  0.67685093E+03 -0.88771675E+03
  0.35150000E+01  0.67873336E+03 -0.89307008E+03
  0.35200000E+01  0.67992876E+03 -0.89839471E+03
  0.35250000E+01  0.68057556E+03 -0.90395988E+03
  0.35300000E+01  0.68141337E+03 -0.90965479E+03
  0.35350000E+01  0.68232778E+03 -0.91546160E+03
  0.35400000E+01  0.68340154E+03 -0.92137106E+03
  0.35450000E+01  0.68462897E+03 -0.92737845E+03
  0.35500000E+01  0.68602723E+03 -0.93348062E+03
  0.35550000E+01  0.68763975E+03 -0.93967424E+03
  0.35600000E+01  0.68951267E+03 -0.94595397E+03
  0.35650000E+01  0.69172002E+03 -0.95230990E+03
  0.35700000E+01  0.69439608E+03 -0.95872196E+03
  0.35750000E+01  0.69784969E+03 -0.96513811E+03
  0.35800000E+01  0.70333760E+03 -0.97114559E+03
  0.35850000E+01  0.70972444E+03 -0.97567591E+03
  0.35900000E+01  0.71022888E+03 -0.97863988E+03
  0.35950000E+01  0.70900283E+03 -0.98171951E+03
  0.36000000E+01  0.70865369E+03 -0.98454136E+03
  0.36050000E+01  0.69941192E+03 -0.98908994E+03
  0.36100000E+01  0.69759851E+03 -0.99622313E+03
  0.36150000E+01  0.69283514E+03 -0.10032938E+04
  0.36200000E+01  0.68759434E+03 -0.10135959E+04
  0.36250000E+01  0.68824486E+03 -0.10252191E+04
  0.36300000E+01  0.69078616E+03 -0.10371346E+04
  0.36350000E+01  0.69545601E+03 -0.10491356E+04
  0.36400000E+01  0.70500181E+03 -0.10599063E+04
  0.36450000E+01  0.71706183E+03 -0.10680168E+04
  0.36500000E+01  0.72840796E+03 -0.10747341E+04
  0.36550000E+01  0.73542412E+03 -0.10802359E+04
  0.36600000E+01  0.74435936E+03 -0.10850214E+04
  0.36650000E+01  0.75331766E+03 -0.10879516E+04
  0.36700000E+01  0.75803701E+03 -0.10923586E+04
  0.36750000E+01  0.76272798E+03 -0.10977159E+04
  0.36800000E+01  0.76771147E+03 -0.11036513E+04
  0.36850000E+01  0.77282208E+03 -0.11099696E+04
  0.36900000E+01  0.77787438E+03 -0.11166416E+04
  0.36950000E+01  0.78305735E+03 -0.11236980E+04
  0.37000000E+01  0.78879199E+03 -0.11309778E+04
  0.37050000E+01  0.79765153E+03 -0.11371621E+04
  0.37100000E+01  0.80359716E+03 -0.11439752E+04
  0.37150000E+01  0.80922711E+03 -0.11513675E+04
  0.37200000E+01  0.81486295E+03 -0.11593090E+04
  0.37250000E+01  0.82076313E+03 -0.11676926E+04
  0.37300000E+01  0.82549336E+03 -0.11765632E+04
  0.37350000E+01  0.83221920E+03 -0.11863661E+04
  0.37400000E+01  0.84377734E+03 -0.11954149E+04
  0.37450000E+01  0.85473656E+03 -0.12044491E+04
  0.37500000E+01  0.86563843E+03 -0.12140132E+04
  0.37550000E+01  0.88533359E+03 -0.12227956E+04
  0.37600000E+01  0.90277802E+03 -0.12309719E+04
  0.37650000E+01  0.92442656E+03 -0.12383838E+04
  0.37700000E+01  0.94717519E+03 -0.12450689E+04
  0.37750000E+01  0.98091468E+03 -0.12460672E+04
  0.37800000E+01  0.10035364E+04 -0.12456394E+04
  0.37850000E+01  0.10312414E+04 -0.12410673E+04
  0.37900000E+01  0.10486085E+04 -0.12346976E+04
  0.37950000E+01  0.10633602E+04 -0.12278502E+04
  0.38000000E+01  0.10632451E+04 -0.12209750E+04
  0.38050000E+01  0.10734097E+04 -0.12205256E+04
  0.38100000E+01  0.10894612E+04 -0.12204592E+04
  0.38150000E+01  0.11092026E+04 -0.12193075E+04
  0.38200000E+01  0.11310534E+04 -0.12164112E+04
  0.38250000E+01  0.11539964E+04 -0.12115221E+04
  0.38300000E+01  0.11822185E+04 -0.12031787E+04
  0.38350000E+01  0.12105099E+04 -0.11877311E+04
  0.38400000E+01  0.12117248E+04 -0.11646089E+04
  0.38450000E+01  0.12339814E+04 -0.11486628E+04
  0.38500000E+01  0.12525756E+04 -0.11287514E+04
  0.38550000E+01  0.12511024E+04 -0.11117479E+04
  0.38600000E+01  0.12474015E+04 -0.10992830E+04
  0.38650000E+01  0.12462914E+04 -0.10880014E+04
  0.38700000E+01  0.12482982E+04 -0.10738863E+04
  0.38750000E+01  0.12370722E+04 -0.10630906E+04
  0.38800000E+01  0.12276847E+04 -0.10555685E+04
  0.38850000E+01  0.12126344E+04 -0.10500368E+04
  0.38900000E+01  0.12001804E+04 -0.10481288E+04
  0.38950000E+01  0.11916230E+04 -0.10479120E+04
  0.39000000E+01  0.11893422E+04 -0.10471591E+04
  0.39050000E+01  0.11844378E+04 -0.10461842E+04
  0.39100000E+01  0.11792426E+04 -0.10465394E+04
  0.39150000E+01  0.11795710E+04 -0.10467776E+04
  0.39200000E+01  0.11801892E+04 -0.10459437E+04
  0.39250000E+01  0.11805790E+04 -0.10444047E+04
  0.39300000E+01  0.11828404E+04 -0.10409819E+04
  0.39350000E+01  0.11686120E+04 -0.10307950E+04
  0.39400000E+01  0.11548973E+04 -0.10305323E+04
  0.39450000E+01  0.11520751E+04 -0.10329711E+04
  0.39500000E+01  0.11501121E+04 -0.10312095E+04
  0.39550000E+01  0.11452189E+04 -0.10334563E+04
  0.39600000E+01  0.11409602E+04 -0.10380270E+04
  0.39650000E+01  0.11371900E+04 -0.10436287E+04
  0.39700000E+01  0.11375672E+04 -0.10496468E+04
  0.39750000E+01  0.11387950E+04 -0.10560956E+04
  0.39800000E+01  0.11395451E+04 -0.10631589E+04
  0.39850000E+01  0.11462659E+04 -0.10687480E+04
  0.39900000E+01  0.11621609E+04 -0.10697986E+04
  0.39950000E+01  0.11718095E+04 -0.10706604E+04
  0.40000000E+01  0.11796405E+04 -0.10713647E+04
  0.40050000E+01  0.11860029E+04 -0.10716416E+04
  0.40100000E+01  0.11903066E+04 -0.10727330E+04
  0.40150000E+01  0.11946721E+04 -0.10741611E+04
  0.40200000E+01  0.11988716E+04 -0.10757038E+04
  0.40250000E+01  0.12044194E+04 -0.10771072E+04
  0.40300000E+01  0.12105111E+04 -0.10779922E+04
  0.40350000E+01  0.12140416E+04 -0.10788630E+04
  0.40400000E+01  0.12175713E+04 -0.10799726E+04
  0.40450000E+01  0.12219023E+04 -0.10806127E+04
  0.40500000E+01  0.12237722E+04 -0.10805435E+04
  0.40550000E+01  0.12097589E+04 -0.10795029E+04
  0.40600000E+01  0.12132090E+04 -0.10854587E+04
  0.40650000E+01  0.12188894E+04 -0.10918696E+04
  0.40700000E+01  0.12258325E+04 -0.10972719E+04
  0.40750000E+01  0.12325063E+04 -0.11018146E+04
  0.40800000E+01  0.12388158E+04 -0.11061353E+04
  0.40850000E+01  0.12451766E+04 -0.11102376E+04
  0.40900000E+01  0.12516157E+04 -0.11141618E+04
  0.40950000E+01  0.12581357E+04 -0.11179169E+04
  0.41000000E+01  0.12647208E+04 -0.11215347E+04
  0.41050000E+01  0.12713012E+04 -0.11251050E+04
  0.41100000E+01  0.12780485E+04 -0.11287622E+04
  0.41150000E+01  0.12852133E+04 -0.11325805E+04
  0.41200000E+01  0.12932093E+04 -0.11364650E+04
  0.41250000E+01  0.13001693E+04 -0.11403370E+04
  0.41300000E+01  0.13094227E+04 -0.11447178E+04
  0.41350000E+01  0.13205209E+04 -0.11488746E+04
  0.41400000E+01  0.13309840E+04 -0.11524464E+04
  0.41450000E+01  0.13449081E+04 -0.11557160E+04
  0.41500000E+01  0.13645647E+04 -0.11568062E+04
  0.41550000E+01  0.13811101E+04 -0.11558328E+04
  0.41600000E+01  0.13950478E+04 -0.11535616E+04
  0.41650000E+01  0.14118557E+04 -0.11512936E+04
  0.41700000E+01  0.14255043E+04 -0.11475680E+04
  0.41750000E+01  0.14342910E+04 -0.11455107E+04
  0.41800000E+01  0.14454017E+04 -0.11443357E+04
  0.41850000E+01  0.14576526E+04 -0.11428060E+04
  0.41900000E+01  0.14740913E+04 -0.11412580E+04
  0.41950000E+01  0.14952923E+04 -0.11378449E+04
  0.42000000E+01  0.15197154E+04 -0.11312181E+04
  0.42050000E+01  0.15451562E+04 -0.11196825E+04
  0.42100000E+01  0.15671793E+04 -0.11070537E+04
  0.42150000E+01  0.15878521E+04 -0.10868537E+04
  0.42200000E+01  0.15876430E+04 -0.10693620E+04
  0.42250000E+01  0.15855836E+04 -0.10542100E+04
  0.42300000E+01  0.15824953E+04 -0.10423865E+04
  0.42350000E+01  0.15822263E+04 -0.10317561E+04
  0.42400000E+01  0.15815660E+04 -0.10213053E+04
  0.42450000E+01  0.15826433E+04 -0.10109374E+04
  0.42500000E+01  0.15856153E+04 -0.10001049E+04
  0.42550000E+01  0.15849425E+04 -0.98909308E+03
  0.42600000E+01  0.15815574E+04 -0.97778167E+03
  0.42650000E+01  0.15737116E+04 -0.96631912E+03
  0.42700000E+01  0.15630012E+04 -0.95611874E+03
  0.42750000E+01  0.15501654E+04 -0.94728000E+03
  0.42800000E+01  0.15379409E+04 -0.93965331E+03
  0.42850000E+01  0.15106120E+04 -0.93156518E+03
  0.42900000E+01  0.15062593E+04 -0.93625408E+03
  0.42950000E+01  0.15036472E+04 -0.93937693E+03
  0.43000000E+01  0.15013163E+04 -0.94104786E+03
  0.43050000E+01  0.14993823E+04 -0.94173809E+03
  0.43100000E+01  0.14978587E+04 -0.94151793E+03
  0.43150000E+01  0.14966899E+04 -0.94018276E+03
  0.43200000E+01  0.14948576E+04 -0.93704041E+03
  0.43250000E+01  0.14890612E+04 -0.93199377E+03
  0.43300000E+01  0.14635584E+04 -0.92749855E+03
  0.43350000E+01  0.14468657E+04 -0.92766209E+03
  0.43400000E+01  0.14281178E+04 -0.93104587E+03
  0.43450000E+01  0.14170925E+04 -0.93694544E+03
  0.43500000E+01  0.14092677E+04 -0.94367223E+03
  0.43550000E+01  0.14082868E+04 -0.94980927E+03
  0.43600000E+01  0.13998030E+04 -0.95514871E+03
  0.43650000E+01  0.13922283E+04 -0.96164783E+03
  0.43700000E+01  0.13858415E+04 -0.96883662E+03
  0.43750000E+01  0.13802811E+04 -0.97648185E+03
  0.43800000E+01  0.13746749E+04 -0.98445260E+03
  0.43850000E+01  0.13694656E+04 -0.99277870E+03
  0.43900000E+01  0.13650941E+04 -0.10017852E+04
  0.43950000E+01  0.13626494E+04 -0.10112372E+04
  0.44000000E+01  0.13616708E+04 -0.10208184E+04
  0.44050000E+01  0.13634435E+04 -0.10295771E+04
  0.44100000E+01  0.13636082E+04 -0.10374968E+04
  0.44150000E+01  0.13625800E+04 -0.10462025E+04
  0.44200000E+01  0.13625096E+04 -0.10551162E+04
  0.44250000E+01  0.13638649E+04 -0.10637273E+04
  0.44300000E+01  0.13651845E+04 -0.10719581E+04
  0.44350000E+01  0.13653987E+04 -0.10789190E+04
  0.44400000E+01  0.13605068E+04 -0.10857902E+04
  0.44450000E+01  0.13562395E+04 -0.10963342E+04
  0.44500000E+01  0.13522265E+04 -0.11087733E+04
  0.44550000E+01  0.13488277E+04 -0.11229992E+04
  0.44600000E+01  0.13630880E+04 -0.11344211E+04
  0.44650000E+01  0.13785214E+04 -0.11418717E+04
  0.44700000E+01  0.13877814E+04 -0.11503668E+04
  0.44750000E+01  0.13958023E+04 -0.11593789E+04
  0.44800000E+01  0.14036295E+04 -0.11686591E+04
  0.44850000E+01  0.14112680E+04 -0.11781055E+04
  0.44900000E+01  0.14185275E+04 -0.11878995E+04
  0.44950000E+01  0.14259698E+04 -0.11981815E+04
  0.45000000E+01  0.14339076E+04 -0.12090301E+04
  0.45050000E+01  0.14422031E+04 -0.12207718E+04
  0.45100000E+01  0.14611016E+04 -0.12300451E+04
  0.45150000E+01  0.14803173E+04 -0.12362821E+04
  0.45200000E+01  0.14973977E+04 -0.12423858E+04
  0.45250000E+01  0.15154375E+04 -0.12477540E+04
  0.45300000E+01  0.15351998E+04 -0.12515723E+04
  0.45350000E+01  0.15559998E+04 -0.12531226E+04
  0.45400000E+01  0.15779527E+04 -0.12518157E+04
  0.45450000E+01  0.15903213E+04 -0.12505196E+04
  0.45500000E+01  0.16009840E+04 -0.12512447E+04
  0.45550000E+01  0.16066461E+04 -0.12536212E+04
  0.45600000E+01  0.16063658E+04 -0.12590221E+04
  0.45650000E+01  0.16094224E+04 -0.12658742E+04
  0.45700000E+01  0.16144755E+04 -0.12737814E+04
  0.45750000E+01  0.16229738E+04 -0.12827397E+04
  0.45800000E+01  0.16333165E+04 -0.12923558E+04
  0.45850000E+01  0.16486413E+04 -0.13022676E+04
  0.45900000E+01  0.16635305E+04 -0.13130657E+04
  0.45950000E+01  0.16849855E+04 -0.13213942E+04
  0.46000000E+01  0.17233691E+04 -0.13203760E+04
  0.46050000E+01  0.17447150E+04 -0.13194353E+04
  0.46100000E+01  0.17604575E+04 -0.13192161E+04
  0.46150000E+01  0.17776609E+04 -0.13206974E+04
  0.46200000E+01  0.18038899E+04 -0.13223160E+04
  0.46250000E+01  0.18263865E+04 -0.13242488E+04
  0.46300000E+01  0.18644699E+04 -0.13239442E+04
  0.46350000E+01  0.19085839E+04 -0.13190512E+04
  0.46400000E+01  0.19645863E+04 -0.13072749E+04
  0.46450000E+01  0.20252563E+04 -0.12844692E+04
  0.46500000E+01  0.20516021E+04 -0.12563021E+04
  0.46550000E+01  0.20619950E+04 -0.12345707E+04
  0.46600000E+01  0.20849202E+04 -0.12133398E+04
  0.46650000E+01  0.20972699E+04 -0.11935516E+04
  0.46700000E+01  0.21115697E+04 -0.11757335E+04
  0.46750000E+01  0.21291151E+04 -0.11559145E+04
  0.46800000E+01  0.21518997E+04 -0.11332205E+04
  0.46850000E+01  0.21793289E+04 -0.11001667E+04
  0.46900000E+01  0.21766972E+04 -0.10316642E+04
  0.46950000E+01  0.21005925E+04 -0.98475604E+03
  0.47000000E+01  0.20661451E+04 -0.97772654E+03
  0.47050000E+01  0.20409031E+04 -0.96450864E+03
  0.47100000E+01  0.20006015E+04 -0.95777453E+03
  0.47150000E+01  0.19651685E+04 -0.95335253E+03
  0.47200000E+01  0.19343792E+04 -0.95571647E+03
  0.47250000E+01  0.18948752E+04 -0.95982214E+03
  0.47300000E+01  0.18703438E+04 -0.97184271E+03
  0.47350000E+01  0.18577525E+04 -0.98560264E+03
  0.47400000E+01  0.18469386E+04 -0.99928291E+03
  0.47450000E+01  0.18371834E+04 -0.10148677E+04
  0.47500000E+01  0.18451558E+04 -0.10256642E+04
  0.47550000E+01  0.18449440E+04 -0.10332542E+04
  0.47600000E+01  0.18459687E+04 -0.10440250E+04
  0.47650000E+01  0.18439291E+04 -0.10526263E+04
  0.47700000E+01  0.18401348E+04 -0.10632442E+04
  0.47750000E+01  0.18420658E+04 -0.10755605E+04
  0.47800000E+01  0.18437647E+04 -0.10886347E+04
  0.47850000E+01  0.18456801E+04 -0.11023884E+04
  0.47900000E+01  0.18519837E+04 -0.11178480E+04
  0.47950000E+01  0.18652488E+04 -0.11323853E+04
  0.48000000E+01  0.18823708E+04 -0.11427671E+04
  0.48050000E+01  0.18952883E+04 -0.11520540E+04
  0.48100000E+01  0.19075852E+04 -0.11639072E+04
  0.48150000E+01  0.19212708E+04 -0.11759340E+04
  0.48200000E+01  0.19424654E+04 -0.11868947E+04
  0.48250000E+01  0.19623901E+04 -0.11982941E+04
  0.48300000E+01  0.19812044E+04 -0.12098494E+04
  0.48350000E+01  0.20039174E+04 -0.12232926E+04
  0.48400000E+01  0.20422312E+04 -0.12287587E+04
  0.48450000E+01  0.20688522E+04 -0.12346536E+04
  0.48500000E+01  0.20993400E+04 -0.12456776E+04
  0.48550000E+01  0.21402852E+04 -0.12584521E+04
  0.48600000E+01  0.22465735E+04 -0.12551792E+04
  0.48650000E+01  0.23591254E+04 -0.11809743E+04
  0.48700000E+01  0.23456358E+04 -0.11321163E+04
  0.48750000E+01  0.23502265E+04 -0.11059568E+04
  0.48800000E+01  0.23553288E+04 -0.10855772E+04
  0.48850000E+01  0.23722170E+04 -0.10662783E+04
  0.48900000E+01  0.24035576E+04 -0.10316373E+04
  0.48950000E+01  0.23960396E+04 -0.10043576E+04
  0.49000000E+01  0.23814419E+04 -0.98439691E+03
  0.49050000E+01  0.23858934E+04 -0.96715480E+03
  0.49100000E+01  0.23837100E+04 -0.94152576E+03
  0.49150000E+01  0.23719388E+04 -0.91536513E+03
  0.49200000E+01  0.23306932E+04 -0.89731377E+03
  0.49250000E+01  0.23096836E+04 -0.89011900E+03
  0.49300000E+01  0.22778303E+04 -0.88277112E+03
  0.49350000E+01  0.22536198E+04 -0.88657140E+03
  0.49400000E+01  0.22336970E+04 -0.89373673E+03
  0.49450000E+01  0.22338049E+04 -0.90595069E+03
  0.49500000E+01  0.22448594E+04 -0.91610018E+03
  0.49550000E+01  0.22574868E+04 -0.92403831E+03
  0.49600000E+01  0.22715354E+04 -0.93003277E+03
  0.49650000E+01  0.23002755E+04 -0.93191155E+03
  0.49700000E+01  0.23231863E+04 -0.92726291E+03
  0.49750000E+01  0.23430690E+04 -0.91917969E+03
  0.49800000E+01  0.23590891E+04 -0.90781458E+03
  0.49850000E+01  0.23652840E+04 -0.89340345E+03
  0.49900000E+01  0.23561026E+04 -0.88337354E+03
  0.49950000E+01  0.23505501E+04 -0.87765333E+03
  0.50000000E+01  0.23463374E+04 -0.87400993E+03
