  0.00000000E+00 -0.49305198E-01  0.40431206E-63
  0.50000000E-02 -0.49304999E-01  0.28088039E-46
  0.10000000E-01 -0.49304402E-01  0.56176159E-46
  0.15000000E-01 -0.49303408E-01  0.84264443E-46
  0.20000000E-01 -0.49302016E-01  0.11235297E-45
  0.25000000E-01 -0.49300225E-01  0.14044182E-45
  0.30000000E-01 -0.49298035E-01  0.16853108E-45
  0.35000000E-01 -0.49295446E-01  0.19662083E-45
  0.40000000E-01 -0.49292456E-01  0.22471115E-45
  0.45000000E-01 -0.49289065E-01  0.25280212E-45
  0.50000000E-01 -0.49285273E-01  0.28089382E-45
  0.55000000E-01 -0.49281077E-01  0.30898634E-45
  0.60000000E-01 -0.49276477E-01  0.33707975E-45
  0.65000000E-01 -0.49271472E-01  0.36517414E-45
  0.70000000E-01 -0.49266060E-01  0.39326959E-45
  0.75000000E-01 -0.49260240E-01  0.42136618E-45
  0.80000000E-01 -0.49254010E-01  0.44946398E-45
  0.85000000E-01 -0.49247369E-01  0.47756309E-45
  0.90000000E-01 -0.49240314E-01  0.50566359E-45
  0.95000000E-01 -0.49232844E-01  0.53376555E-45
  0.10000000E+00 -0.49224957E-01  0.56186906E-45
  0.10500000E+00 -0.49216650E-01  0.58997419E-45
  0.11000000E+00 -0.49207921E-01  0.61808104E-45
  0.11500000E+00 -0.49198769E-01  0.64618968E-45
  0.12000000E+00 -0.49189189E-01  0.67430018E-45
  0.12500000E+00 -0.49179180E-01  0.70241265E-45
  0.13000000E+00 -0.49168739E-01  0.73052715E-45
  0.13500000E+00 -0.49157863E-01  0.75864376E-45
  0.14000000E+00 -0.49146549E-01  0.78676258E-45
  0.14500000E+00 -0.49134794E-01  0.81488367E-45
  0.15000000E+00 -0.49122593E-01  0.84300712E-45
  0.15500000E+00 -0.49109945E-01  0.87113302E-45
  0.16000000E+00 -0.49096846E-01  0.89926144E-45
  0.16500000E+00 -0.49083290E-01  0.92739247E-45
  0.17000000E+00 -0.49069276E-01  0.95552618E-45
  0.17500000E+00 -0.49054799E-01  0.98366266E-45
  0.18000000E+00 -0.49039854E-01  0.10118020E-44
  0.18500000E+00 -0.49024437E-01  0.10399443E-44
  0.19000000E+00 -0.49008544E-01  0.10680895E-44
  0.19500000E+00 -0.48992171E-01  0.10962379E-44
  0.20000000E+00 -0.48975311E-01  0.11243895E-44
  0.20500000E+00 -0.48957962E-01  0.11525443E-44
  0.21000000E+00 -0.48940117E-01  0.11807024E-44
  0.21500000E+00 -0.48921771E-01  0.12088640E-44
  0.22000000E+00 -0.48902918E-01  0.12370290E-44
  0.22500000E+00 -0.48883554E-01  0.12651977E-44
  0.23000000E+00 -0.48863672E-01  0.12933700E-44
  0.23500000E+00 -0.48843267E-01  0.13215460E-44
  0.24000000E+00 -0.48822332E-01  0.13497259E-44
  0.24500000E+00 -0.48800860E-01  0.13779097E-44
  0.25000000E+00 -0.48778846E-01  0.14060975E-44
  0.25500000E+00 -0.48756282E-01  0.14342894E-44
  0.26000000E+00 -0.48733162E-01  0.14624854E-44
  0.26500000E+00 -0.48709478E-01  0.14906856E-44
  0.27000000E+00 -0.48685223E-01  0.15188902E-44
  0.27500000E+00 -0.48660389E-01  0.15470991E-44
  0.28000000E+00 -0.48634969E-01  0.15753126E-44
  0.28500000E+00 -0.48608955E-01  0.16035306E-44
  0.29000000E+00 -0.48582337E-01  0.16317532E-44
  0.29500000E+00 -0.48555109E-01  0.16599806E-44
  0.30000000E+00 -0.48527260E-01  0.16882127E-44
  0.30500000E+00 -0.48498782E-01  0.17164498E-44
  0.31000000E+00 -0.48469665E-01  0.17446918E-44
  0.31500000E+00 -0.48439901E-01  0.17729389E-44
  0.32000000E+00 -0.48409478E-01  0.18011911E-44
  0.32500000E+00 -0.48378387E-01  0.18294485E-44
  0.33000000E+00 -0.48346618E-01  0.18577113E-44
  0.33500000E+00 -0.48314160E-01  0.18859794E-44
  0.34000000E+00 -0.48281001E-01  0.19142529E-44
  0.34500000E+00 -0.48247131E-01  0.19425320E-44
  0.35000000E+00 -0.48212537E-01  0.19708167E-44
  0.35500000E+00 -0.48177208E-01  0.19991071E-44
  0.36000000E+00 -0.48141131E-01  0.20274033E-44
  0.36500000E+00 -0.48104294E-01  0.20557054E-44
  0.37000000E+00 -0.48066683E-01  0.20840134E-44
  0.37500000E+00 -0.48028285E-01  0.21123274E-44
  0.38000000E+00 -0.47989085E-01  0.21406476E-44
  0.38500000E+00 -0.47949071E-01  0.21689739E-44
  0.39000000E+00 -0.47908227E-01  0.21973066E-44
  0.39500000E+00 -0.47866538E-01  0.22256455E-44
  0.40000000E+00 -0.47823988E-01  0.22539910E-44
  0.40500000E+00 -0.47780562E-01  0.22823429E-44
  0.41000000E+00 -0.47736242E-01  0.23107014E-44
  0.41500000E+00 -0.47691013E-01  0.23390666E-44
  0.42000000E+00 -0.47644856E-01  0.23674386E-44
  0.42500000E+00 -0.47597753E-01  0.23958174E-44
  0.43000000E+00 -0.47549687E-01  0.24242032E-44
  0.43500000E+00 -0.47500637E-01  0.24525959E-44
  0.44000000E+00 -0.47450585E-01  0.24809958E-44
  0.44500000E+00 -0.47399510E-01  0.25094028E-44
  0.45000000E+00 -0.47347391E-01  0.25378171E-44
  0.45500000E+00 -0.47294207E-01  0.25662387E-44
  0.46000000E+00 -0.47239935E-01  0.25946677E-44
  0.46500000E+00 -0.47184554E-01  0.26231042E-44
  0.47000000E+00 -0.47128039E-01  0.26515484E-44
  0.47500000E+00 -0.47070366E-01  0.26800001E-44
  0.48000000E+00 -0.47011510E-01  0.27084596E-44
  0.48500000E+00 -0.46951446E-01  0.27369270E-44
  0.49000000E+00 -0.46890148E-01  0.27654022E-44
  0.49500000E+00 -0.46827586E-01  0.27938855E-44
  0.50000000E+00 -0.46763735E-01  0.28223768E-44
  0.50500000E+00 -0.46698563E-01  0.28508762E-44
  0.51000000E+00 -0.46632042E-01  0.28793839E-44
  0.51500000E+00 -0.46564141E-01  0.29078999E-44
  0.52000000E+00 -0.46494826E-01  0.29364243E-44
  0.52500000E+00 -0.46424066E-01  0.29649572E-44
  0.53000000E+00 -0.46351827E-01  0.29934987E-44
  0.53500000E+00 -0.46278072E-01  0.30220488E-44
  0.54000000E+00 -0.46202766E-01  0.30506076E-44
  0.54500000E+00 -0.46125871E-01  0.30791752E-44
  0.55000000E+00 -0.46047349E-01  0.31077516E-44
  0.55500000E+00 -0.45967158E-01  0.31363364E-44
  0.56000000E+00 -0.45885259E-01  0.31649247E-44
  0.56500000E+00 -0.45801607E-01  0.31934758E-44
  0.57000000E+00 -0.45716158E-01  0.32216576E-44
  0.57500000E+00 -0.45628868E-01  0.32468154E-44
  0.58000000E+00 -0.45539687E-01  0.32481746E-44
  0.58500000E+00 -0.45448567E-01  0.30665379E-44
  0.59000000E+00 -0.45355457E-01  0.15072134E-44
  0.59500000E+00 -0.45260305E-01 -0.10209508E-43
  0.60000000E+00 -0.45163056E-01 -0.95266712E-43
  0.60500000E+00 -0.45063653E-01 -0.69891962E-42
  0.61000000E+00 -0.44962038E-01 -0.48936902E-41
  0.61500000E+00 -0.44858151E-01 -0.33440575E-40
  0.62000000E+00 -0.44751928E-01 -0.22369855E-39
  0.62500000E+00 -0.44643304E-01 -0.14655013E-38
  0.63000000E+00 -0.44532212E-01 -0.94028814E-38
  0.63500000E+00 -0.44418581E-01 -0.59085486E-37
  0.64000000E+00 -0.44302338E-01 -0.36360870E-36
  0.64500000E+00 -0.44183409E-01 -0.21913300E-35
  0.65000000E+00 -0.44061714E-01 -0.12932608E-34
  0.65500000E+00 -0.43937172E-01 -0.74739829E-34
  0.66000000E+00 -0.43809698E-01 -0.42294761E-33
  0.66500000E+00 -0.43679204E-01 -0.23435174E-32
  0.67000000E+00 -0.43545599E-01 -0.12713735E-31
  0.67500000E+00 -0.43408787E-01 -0.67526645E-31
  0.68000000E+00 -0.43268668E-01 -0.35111163E-30
  0.68500000E+00 -0.43125141E-01 -0.17871102E-29
  0.69000000E+00 -0.42978096E-01 -0.89034549E-29
  0.69500000E+00 -0.42827423E-01 -0.43413889E-28
  0.70000000E+00 -0.42673005E-01 -0.20716682E-27
  0.70500000E+00 -0.42514720E-01 -0.96735978E-27
  0.71000000E+00 -0.42352441E-01 -0.44196052E-26
  0.71500000E+00 -0.42186036E-01 -0.19753953E-25
  0.72000000E+00 -0.42015368E-01 -0.86366066E-25
  0.72500000E+00 -0.41840291E-01 -0.36930915E-24
  0.73000000E+00 -0.41660656E-01 -0.15442926E-23
  0.73500000E+00 -0.41476305E-01 -0.63138115E-23
  0.74000000E+00 -0.41287073E-01 -0.25234860E-22
  0.74500000E+00 -0.41092790E-01 -0.98577178E-22
  0.75000000E+00 -0.40893274E-01 -0.37629684E-21
  0.75500000E+00 -0.40688337E-01 -0.14033585E-20
  0.76000000E+00 -0.40477783E-01 -0.51119559E-20
  0.76500000E+00 -0.40261403E-01 -0.18183292E-19
  0.77000000E+00 -0.40038983E-01 -0.63139216E-19
  0.77500000E+00 -0.39810293E-01 -0.21395698E-18
  0.78000000E+00 -0.39575096E-01 -0.70728593E-18
  0.78500000E+00 -0.39333141E-01 -0.22799309E-17
  0.79000000E+00 -0.39084165E-01 -0.71629566E-17
  0.79500000E+00 -0.38827891E-01 -0.21920570E-16
  0.80000000E+00 -0.38564028E-01 -0.65296483E-16
  0.80500000E+00 -0.38292270E-01 -0.18915569E-15
  0.81000000E+00 -0.38012294E-01 -0.53228747E-15
  0.81500000E+00 -0.37723760E-01 -0.14528476E-14
  0.82000000E+00 -0.37426311E-01 -0.38384736E-14
  0.82500000E+00 -0.37119568E-01 -0.97886083E-14
  0.83000000E+00 -0.36803132E-01 -0.23993178E-13
  0.83500000E+00 -0.36476581E-01 -0.56162737E-13
  0.84000000E+00 -0.36139470E-01 -0.12420844E-12
  0.84500000E+00 -0.35791329E-01 -0.25451227E-12
  0.85000000E+00 -0.35431657E-01 -0.46352096E-12
  0.85500000E+00 -0.35059927E-01 -0.66735986E-12
  0.86000000E+00 -0.34675578E-01 -0.36012088E-12
  0.86500000E+00 -0.34278017E-01  0.23781632E-11
  0.87000000E+00 -0.33866613E-01  0.13679423E-10
  0.87500000E+00 -0.33440696E-01  0.51275864E-10
  0.88000000E+00 -0.32999554E-01  0.16298396E-09
  0.88500000E+00 -0.32542430E-01  0.47080186E-09
  0.89000000E+00 -0.32068518E-01  0.12716064E-08
  0.89500000E+00 -0.31576961E-01  0.32577194E-08
  0.90000000E+00 -0.31066842E-01  0.79808751E-08
  0.90500000E+00 -0.30537186E-01  0.18789952E-07
  0.91000000E+00 -0.29986953E-01  0.42651795E-07
  0.91500000E+00 -0.29415033E-01  0.93545261E-07
  0.92000000E+00 -0.28820239E-01  0.19852375E-06
  0.92500000E+00 -0.28201305E-01  0.40805661E-06
  0.93000000E+00 -0.27556880E-01  0.81276434E-06
  0.93500000E+00 -0.26885520E-01  0.15687745E-05
  0.94000000E+00 -0.26185688E-01  0.29326560E-05
  0.94500000E+00 -0.25455744E-01  0.53019114E-05
  0.95000000E+00 -0.24693945E-01  0.92433116E-05
  0.95500000E+00 -0.23898443E-01  0.15459611E-04
  0.96000000E+00 -0.23067286E-01  0.24582537E-04
  0.96500000E+00 -0.22198424E-01  0.36582195E-04
  0.97000000E+00 -0.21289726E-01  0.49495600E-04
  0.97500000E+00 -0.20339000E-01  0.57278069E-04
  0.98000000E+00 -0.19344039E-01  0.47263686E-04
  0.98500000E+00 -0.18302692E-01 -0.53941490E-06
  0.99000000E+00 -0.17212972E-01 -0.10757605E-03
  0.99500000E+00 -0.16073240E-01 -0.27920114E-03
  0.10000000E+01 -0.14882490E-01 -0.47903405E-03
  0.10050000E+01 -0.13640797E-01 -0.62000998E-03
  0.10100000E+01 -0.12350029E-01 -0.60858555E-03
  0.10150000E+01 -0.11014902E-01 -0.44275249E-03
  0.10200000E+01 -0.96442692E-02 -0.22199001E-03
  0.10250000E+01 -0.82518754E-02 -0.14900658E-04
  0.10300000E+01 -0.68322516E-02 -0.40925074E-03
  0.10350000E+01 -0.53687654E-02  0.10077562E-02
  0.10400000E+01 -0.41329046E-02  0.42111610E-02
  0.10450000E+01 -0.31768452E-02  0.76841436E-02
  0.10500000E+01 -0.26030818E-02  0.96824525E-02
  0.10550000E+01 -0.25560243E-02  0.86930539E-02
  0.10600000E+01 -0.32663281E-02  0.56567910E-02
  0.10650000E+01 -0.51248690E-02 -0.97947939E-03
  0.10700000E+01 -0.85116911E-02  0.10978804E-01
  0.10750000E+01 -0.21685422E-02  0.20644235E-01
  0.10800000E+01  0.11769758E-02  0.10784842E-01
  0.10850000E+01  0.55311103E-02  0.45157517E-01
  0.10900000E+01  0.21386907E-02  0.77749833E-01
  0.10950000E+01 -0.18493199E-02  0.81455580E-01
  0.11000000E+01 -0.54831377E-02  0.99334354E-01
  0.11050000E+01 -0.87355160E-02  0.10624443E+00
  0.11100000E+01 -0.11677153E-01  0.11044234E+00
  0.11150000E+01 -0.14375355E-01  0.11820293E+00
  0.11200000E+01 -0.16870643E-01  0.12081858E+00
  0.11250000E+01 -0.19198632E-01  0.12206728E+00
  0.11300000E+01 -0.21406093E-01  0.12459437E+00
  0.11350000E+01 -0.23542266E-01  0.12729749E+00
  0.11400000E+01 -0.25660064E-01  0.13039501E+00
  0.11450000E+01 -0.27815410E-01  0.13470251E+00
  0.11500000E+01 -0.30056023E-01  0.13976647E+00
  0.11550000E+01 -0.32413685E-01  0.14447366E+00
  0.11600000E+01 -0.34905585E-01  0.14817260E+00
  0.11650000E+01 -0.37537847E-01  0.15077827E+00
  0.11700000E+01 -0.40307960E-01  0.15238395E+00
  0.11750000E+01 -0.43207481E-01  0.15308896E+00
  0.11800000E+01 -0.46225218E-01  0.15306331E+00
  0.11850000E+01 -0.49350048E-01  0.15259828E+00
  0.11900000E+01 -0.52572885E-01  0.15204219E+00
  0.11950000E+01 -0.55887362E-01  0.15168497E+00
  0.12000000E+01 -0.59288997E-01  0.15167584E+00
  0.12050000E+01 -0.62773218E-01  0.15200453E+00
  0.12100000E+01 -0.66333067E-01  0.15253281E+00
  0.12150000E+01 -0.69957582E-01  0.15305132E+00
  0.12200000E+01 -0.73631830E-01  0.15334237E+00
  0.12250000E+01 -0.77338635E-01  0.15323492E+00
  0.12300000E+01 -0.81060799E-01  0.15264123E+00
  0.12350000E+01 -0.84782352E-01  0.15156817E+00
  0.12400000E+01 -0.88488574E-01  0.15010252E+00
  0.12450000E+01 -0.92165778E-01  0.14837709E+00
  0.12500000E+01 -0.95801812E-01  0.14653002E+00
  0.12550000E+01 -0.99387133E-01  0.14467010E+00
  0.12600000E+01 -0.10291548E+00  0.14285725E+00
  0.12650000E+01 -0.10638336E+00  0.14110067E+00
  0.12700000E+01 -0.10978856E+00  0.13937115E+00
  0.12750000E+01 -0.11312857E+00  0.13762027E+00
  0.12800000E+01 -0.11640005E+00  0.13579883E+00
  0.12850000E+01 -0.11959978E+00  0.13386916E+00
  0.12900000E+01 -0.12272635E+00  0.13180960E+00
  0.12950000E+01 -0.12578090E+00  0.12961262E+00
  0.13000000E+01 -0.12876604E+00  0.12727990E+00
  0.13050000E+01 -0.13168378E+00  0.12481754E+00
  0.13100000E+01 -0.13453417E+00  0.12223349E+00
  0.13150000E+01 -0.13731558E+00  0.11953729E+00
  0.13200000E+01 -0.14002605E+00  0.11674085E+00
  0.13250000E+01 -0.14266437E+00  0.11385854E+00
  0.13300000E+01 -0.14523047E+00  0.11090573E+00
  0.13350000E+01 -0.14772513E+00  0.10789574E+00
  0.13400000E+01 -0.15014926E+00  0.10483647E+00
  0.13450000E+01 -0.15250310E+00  0.10172846E+00
  0.13500000E+01 -0.15478578E+00  0.98565630E-01
  0.13550000E+01 -0.15699610E+00  0.95338656E-01
  0.13600000E+01 -0.15913362E+00  0.92039884E-01
  0.13650000E+01 -0.16119869E+00  0.88667658E-01
  0.13700000E+01 -0.16319106E+00  0.85228134E-01
  0.13750000E+01 -0.16510894E+00  0.81733625E-01
  0.13800000E+01 -0.16694968E+00  0.78198069E-01
  0.13850000E+01 -0.16871194E+00  0.74631538E-01
  0.13900000E+01 -0.17039684E+00  0.71036225E-01
  0.13950000E+01 -0.17200698E+00  0.67405789E-01
  0.14000000E+01 -0.17354416E+00  0.63728475E-01
  0.14050000E+01 -0.17500802E+00  0.59992769E-01
  0.14100000E+01 -0.17639617E+00  0.56193182E-01
  0.14150000E+01 -0.17770511E+00  0.52333689E-01
  0.14200000E+01 -0.17893171E+00  0.48427356E-01
  0.14250000E+01 -0.18007498E+00  0.44492295E-01
  0.14300000E+01 -0.18113696E+00  0.40545615E-01
  0.14350000E+01 -0.18212142E+00  0.36597761E-01
  0.14400000E+01 -0.18303108E+00  0.32649370E-01
  0.14450000E+01 -0.18386529E+00  0.28691684E-01
  0.14500000E+01 -0.18462033E+00  0.24710245E-01
  0.14550000E+01 -0.18529218E+00  0.20690505E-01
  0.14600000E+01 -0.18587938E+00  0.16623514E-01
  0.14650000E+01 -0.18638371E+00  0.12509938E-01
  0.14700000E+01 -0.18680833E+00  0.83611957E-02
  0.14750000E+01 -0.18715537E+00  0.41972082E-02
  0.14800000E+01 -0.18742441E+00  0.41150831E-04
  0.14850000E+01 -0.18761256E+00 -0.40875320E-02
  0.14900000E+01 -0.18771614E+00 -0.81797756E-02
  0.14950000E+01 -0.18773351E+00 -0.12240785E-01
  0.15000000E+01 -0.18766696E+00 -0.16289188E-01
  0.15050000E+01 -0.18752157E+00 -0.20350889E-01
  0.15100000E+01 -0.18730167E+00 -0.24449110E-01
  0.15150000E+01 -0.18700782E+00 -0.28594061E-01
  0.15200000E+01 -0.18663617E+00 -0.32776465E-01
  0.15250000E+01 -0.18618070E+00 -0.36968224E-01
  0.15300000E+01 -0.18563697E+00 -0.41130821E-01
  0.15350000E+01 -0.18500504E+00 -0.45228793E-01
  0.15400000E+01 -0.18428968E+00 -0.49243080E-01
  0.15450000E+01 -0.18349787E+00 -0.53178659E-01
  0.15500000E+01 -0.18263531E+00 -0.57062960E-01
  0.15550000E+01 -0.18170358E+00 -0.60935287E-01
  0.15600000E+01 -0.18069915E+00 -0.64831246E-01
  0.15650000E+01 -0.17961544E+00 -0.68768335E-01
  0.15700000E+01 -0.17844726E+00 -0.72738345E-01
  0.15750000E+01 -0.17719429E+00 -0.76709407E-01
  0.15800000E+01 -0.17586107E+00 -0.80636688E-01
  0.15850000E+01 -0.17445394E+00 -0.84477448E-01
  0.15900000E+01 -0.17297761E+00 -0.88204888E-01
  0.15950000E+01 -0.17143326E+00 -0.91816038E-01
  0.16000000E+01 -0.16981884E+00 -0.95331419E-01
  0.16050000E+01 -0.16813130E+00 -0.98787115E-01
  0.16100000E+01 -0.16636953E+00 -0.10222221E+00
  0.16150000E+01 -0.16453569E+00 -0.10566564E+00
  0.16200000E+01 -0.16263385E+00 -0.10912628E+00
  0.16250000E+01 -0.16066728E+00 -0.11258917E+00
  0.16300000E+01 -0.15863669E+00 -0.11601891E+00
  0.16350000E+01 -0.15654028E+00 -0.11936947E+00
  0.16400000E+01 -0.15437558E+00 -0.12259776E+00
  0.16450000E+01 -0.15214197E+00 -0.12567702E+00
  0.16500000E+01 -0.14984242E+00 -0.12860562E+00
  0.16550000E+01 -0.14748306E+00 -0.13140794E+00
  0.16600000E+01 -0.14507054E+00 -0.13412643E+00
  0.16650000E+01 -0.14260886E+00 -0.13680700E+00
  0.16700000E+01 -0.14009775E+00 -0.13948259E+00
  0.16750000E+01 -0.13753339E+00 -0.14216082E+00
  0.16800000E+01 -0.13491114E+00 -0.14482022E+00
  0.16850000E+01 -0.13222906E+00 -0.14741666E+00
  0.16900000E+01 -0.12949004E+00 -0.14989732E+00
  0.16950000E+01 -0.12670105E+00 -0.15221719E+00
  0.17000000E+01 -0.12386992E+00 -0.15435186E+00
  0.17050000E+01 -0.12100193E+00 -0.15630283E+00
  0.17100000E+01 -0.11809818E+00 -0.15809419E+00
  0.17150000E+01 -0.11515646E+00 -0.15976339E+00
  0.17200000E+01 -0.11217346E+00 -0.16134989E+00
  0.17250000E+01 -0.10914741E+00 -0.16288569E+00
  0.17300000E+01 -0.10607985E+00 -0.16438945E+00
  0.17350000E+01 -0.10297539E+00 -0.16586400E+00
  0.17400000E+01 -0.99839337E-01 -0.16729599E+00
  0.17450000E+01 -0.96674878E-01 -0.16865656E+00
  0.17500000E+01 -0.93482135E-01 -0.16990359E+00
  0.17550000E+01 -0.90259440E-01 -0.17098699E+00
  0.17600000E+01 -0.87005620E-01 -0.17185834E+00
  0.17650000E+01 -0.83721725E-01 -0.17248423E+00
  0.17700000E+01 -0.80411366E-01 -0.17285964E+00
  0.17750000E+01 -0.77079693E-01 -0.17301580E+00
  0.17800000E+01 -0.73731894E-01 -0.17301707E+00
  0.17850000E+01 -0.70372187E-01 -0.17294468E+00
  0.17900000E+01 -0.67003358E-01 -0.17287062E+00
  0.17950000E+01 -0.63626360E-01 -0.17283027E+00
  0.18000000E+01 -0.60240085E-01 -0.17280488E+00
  0.18050000E+01 -0.56842182E-01 -0.17272284E+00
  0.18100000E+01 -0.53431212E-01 -0.17248202E+00
  0.18150000E+01 -0.50009100E-01 -0.17198686E+00
  0.18200000E+01 -0.46582466E-01 -0.17118604E+00
  0.18250000E+01 -0.43162473E-01 -0.17009525E+00
  0.18300000E+01 -0.39763474E-01 -0.16879354E+00
  0.18350000E+01 -0.36400358E-01 -0.16739294E+00
  0.18400000E+01 -0.33084563E-01 -0.16599224E+00
  0.18450000E+01 -0.29820556E-01 -0.16463417E+00
  0.18500000E+01 -0.26605858E-01 -0.16328501E+00
  0.18550000E+01 -0.23436011E-01 -0.16184688E+00
  0.18600000E+01 -0.20312176E-01 -0.16019864E+00
  0.18650000E+01 -0.17246877E-01 -0.15824829E+00
  0.18700000E+01 -0.14264226E-01 -0.15597348E+00
  0.18750000E+01 -0.11393789E-01 -0.15343163E+00
  0.18800000E+01 -0.86605937E-02 -0.15073483E+00
  0.18850000E+01 -0.60762814E-02 -0.14800112E+00
  0.18900000E+01 -0.36366233E-02 -0.14530533E+00
  0.18950000E+01 -0.13277348E-02 -0.14265276E+00
  0.19000000E+01  0.86145559E-03 -0.13998740E+00
  0.19050000E+01  0.29270107E-02 -0.13722929E+00
  0.19100000E+01  0.48452942E-02 -0.13432003E+00
  0.19150000E+01  0.65792481E-02 -0.13125176E+00
  0.19200000E+01  0.80926417E-02 -0.12806381E+00
  0.19250000E+01  0.93642403E-02 -0.12480924E+00
  0.19300000E+01  0.10393460E-01 -0.12151133E+00
  0.19350000E+01  0.11193534E-01 -0.11813684E+00
  0.19400000E+01  0.11775147E-01 -0.11460547E+00
  0.19450000E+01  0.12129341E-01 -0.11083468E+00
  0.19500000E+01  0.12219397E-01 -0.10679834E+00
  0.19550000E+01  0.11985999E-01 -0.10256665E+00
  0.19600000E+01  0.11361665E-01 -0.98301043E-01
  0.19650000E+01  0.10284737E-01 -0.94196900E-01
  0.19700000E+01  0.87025136E-02 -0.90374829E-01
  0.19750000E+01  0.65571056E-02 -0.86712592E-01
  0.19800000E+01  0.37552633E-02 -0.82935408E-01
  0.19850000E+01  0.13933874E-03 -0.80824165E-01
  0.19900000E+01 -0.44065560E-02 -0.78727325E-01
  0.19950000E+01 -0.61834331E-02 -0.85355082E-01
  0.20000000E+01 -0.12432741E-03 -0.10902356E+00
  0.20050000E+01  0.54987480E-02 -0.11690126E+00
  0.20100000E+01  0.10485809E-01 -0.12007175E+00
  0.20150000E+01  0.14868247E-01 -0.12081437E+00
  0.20200000E+01  0.18690923E-01 -0.11996948E+00
  0.20250000E+01  0.21992433E-01 -0.11800370E+00
  0.20300000E+01  0.24789226E-01 -0.11503891E+00
  0.20350000E+01  0.27072250E-01 -0.11112852E+00
  0.20400000E+01  0.28817768E-01 -0.10635615E+00
  0.20450000E+01  0.30006380E-01 -0.10091931E+00
  0.20500000E+01  0.30640188E-01 -0.95082292E-01
  0.20550000E+01  0.30747383E-01 -0.89110472E-01
  0.20600000E+01  0.30373437E-01 -0.83179908E-01
  0.20650000E+01  0.29562950E-01 -0.77350552E-01
  0.20700000E+01  0.28344012E-01 -0.71598797E-01
  0.20750000E+01  0.26723073E-01 -0.65888988E-01
  0.20800000E+01  0.24693630E-01 -0.60236075E-01
  0.20850000E+01  0.22251436E-01 -0.54721372E-01
  0.20900000E+01  0.19407629E-01 -0.49461444E-01
  0.20950000E+01  0.16192913E-01 -0.44560732E-01
  0.21000000E+01  0.12650481E-01 -0.40083864E-01
  0.21050000E+01  0.88243601E-02 -0.36061190E-01
  0.21100000E+01  0.47503686E-02 -0.32511943E-01
  0.21150000E+01  0.45365823E-03 -0.29458265E-01
  0.21200000E+01 -0.40466652E-02 -0.26912361E-01
  0.21250000E+01 -0.87299603E-02 -0.24834345E-01
  0.21300000E+01 -0.13570247E-01 -0.23246663E-01
  0.21350000E+01 -0.18561408E-01 -0.22565338E-01
  0.21400000E+01 -0.23950379E-01 -0.20895836E-01
  0.21450000E+01 -0.29392533E-01 -0.21007773E-01
  0.21500000E+01 -0.34808939E-01 -0.22250508E-01
  0.21550000E+01 -0.40161293E-01 -0.24497618E-01
  0.21600000E+01 -0.45414699E-01 -0.27617194E-01
  0.21650000E+01 -0.50539769E-01 -0.31459348E-01
  0.21700000E+01 -0.55510777E-01 -0.35908780E-01
  0.21750000E+01 -0.60301725E-01 -0.40959865E-01
  0.21800000E+01 -0.64880597E-01 -0.46683166E-01
  0.21850000E+01 -0.69205541E-01 -0.53162310E-01
  0.21900000E+01 -0.73225758E-01 -0.60447904E-01
  0.21950000E+01 -0.76887201E-01 -0.68539308E-01
  0.22000000E+01 -0.80138550E-01 -0.77411986E-01
  0.22050000E+01 -0.82934539E-01 -0.87033800E-01
  0.22100000E+01 -0.85234182E-01 -0.97364479E-01
  0.22150000E+01 -0.86996546E-01 -0.10836245E+00
  0.22200000E+01 -0.88175756E-01 -0.12000171E+00
  0.22250000E+01 -0.88717403E-01 -0.13227465E+00
  0.22300000E+01 -0.88559278E-01 -0.14516303E+00
  0.22350000E+01 -0.87635823E-01 -0.15860969E+00
  0.22400000E+01 -0.85884680E-01 -0.17254351E+00
  0.22450000E+01 -0.83248981E-01 -0.18694249E+00
  0.22500000E+01 -0.79676879E-01 -0.20184018E+00
  0.22550000E+01 -0.75117648E-01 -0.21722473E+00
  0.22600000E+01 -0.69518098E-01 -0.23294181E+00
  0.22650000E+01 -0.62820365E-01 -0.24877385E+00
  0.22700000E+01 -0.54963671E-01 -0.26465137E+00
  0.22750000E+01 -0.45890771E-01 -0.28068830E+00
  0.22800000E+01 -0.35549478E-01 -0.29689826E+00
  0.22850000E+01 -0.23897186E-01 -0.31296638E+00
  0.22900000E+01 -0.10906658E-01 -0.32850937E+00
  0.22950000E+01  0.34312241E-02 -0.34352288E+00
  0.23000000E+01  0.19127484E-01 -0.35824703E+00
  0.23050000E+01  0.36198365E-01 -0.37251358E+00
  0.23100000E+01  0.54650228E-01 -0.38567997E+00
  0.23150000E+01  0.74458885E-01 -0.39745703E+00
  0.23200000E+01  0.95584463E-01 -0.40820039E+00
  0.23250000E+01  0.11798962E+00 -0.41794809E+00
  0.23300000E+01  0.14160639E+00 -0.42597302E+00
  0.23350000E+01  0.16631626E+00 -0.43190567E+00
  0.23400000E+01  0.19201209E+00 -0.43630307E+00
  0.23450000E+01  0.21860264E+00 -0.43936554E+00
  0.23500000E+01  0.24598446E+00 -0.44032192E+00
  0.23550000E+01  0.27404722E+00 -0.43881978E+00
  0.23600000E+01  0.30274275E+00 -0.43496245E+00
  0.23650000E+01  0.33271064E+00 -0.43317012E+00
  0.23700000E+01  0.36326372E+00 -0.42775942E+00
  0.23750000E+01  0.39431802E+00 -0.42040722E+00
  0.23800000E+01  0.42596351E+00 -0.41286666E+00
  0.23850000E+01  0.45847249E+00 -0.40569393E+00
  0.23900000E+01  0.49241151E+00 -0.39980322E+00
  0.23950000E+01  0.52889528E+00 -0.40008336E+00
  0.24000000E+01  0.57028167E+00 -0.41617545E+00
  0.24050000E+01  0.62201236E+00 -0.46045721E+00
  0.24100000E+01  0.69883264E+00 -0.52130970E+00
  0.24150000E+01  0.85781958E+00 -0.70963795E+00
  0.24200000E+01  0.14419752E+01 -0.14553525E+01
  0.24250000E+01  0.13630232E+01  0.26415753E+00
  0.24300000E+01  0.13819122E+01  0.43903369E+00
  0.24350000E+01  0.12934601E+01  0.15008360E+01
  0.24400000E+01  0.92416178E+00  0.14480809E+01
  0.24450000E+01  0.69323555E+00  0.14769786E+01
  0.24500000E+01  0.49490892E+00  0.15333797E+01
  0.24550000E+01  0.33995290E+00  0.14254028E+01
  0.24600000E+01  0.19885365E+00  0.15218948E+01
  0.24650000E+01 -0.24035392E-01  0.16109624E+01
  0.24700000E+01 -0.44954579E+00  0.21282762E+01
  0.24750000E+01 -0.19080996E+01  0.12948440E+01
  0.24800000E+01 -0.95749846E+00 -0.21928497E+01
  0.24850000E+01  0.19649437E+00 -0.14237095E+01
  0.24900000E+01  0.60311200E+00 -0.64853390E+00
  0.24950000E+01  0.84961737E+00 -0.22377638E+00
  0.25000000E+01  0.10413406E+01  0.17188437E+01
  0.25050000E+01  0.66509651E+00  0.14769676E+01
  0.25100000E+01  0.48663538E+00  0.25047139E+01
  0.25150000E+01  0.16336298E+00  0.12151528E+01
  0.25200000E+01  0.62544482E-01  0.11075526E+01
  0.25250000E+01 -0.19321255E-01  0.10542959E+01
  0.25300000E+01 -0.93194437E-01  0.99331801E+00
  0.25350000E+01 -0.14071635E+00  0.93519369E+00
  0.25400000E+01 -0.18726059E+00  0.89741391E+00
  0.25450000E+01 -0.24020439E+00  0.85083686E+00
  0.25500000E+01 -0.30104570E+00  0.79741836E+00
  0.25550000E+01 -0.33578712E+00  0.41508062E+00
  0.25600000E+01 -0.21992385E+00  0.41642928E+00
  0.25650000E+01 -0.71487709E-01 -0.34028731E+00
  0.25700000E+01 -0.54215357E-01  0.50089257E+00
  0.25750000E+01 -0.85742930E-01  0.45235220E+00
  0.25800000E+01 -0.10342179E+00  0.46071002E+00
  0.25850000E+01 -0.11682028E+00  0.45328561E+00
  0.25900000E+01 -0.12844298E+00  0.45108177E+00
  0.25950000E+01 -0.13927385E+00  0.43829346E+00
  0.26000000E+01 -0.14974968E+00  0.43339382E+00
  0.26050000E+01 -0.16008241E+00  0.42611406E+00
  0.26100000E+01 -0.17035448E+00  0.41799432E+00
  0.26150000E+01 -0.18057926E+00  0.40896999E+00
  0.26200000E+01 -0.19071755E+00  0.39931284E+00
  0.26250000E+01 -0.20072119E+00  0.38959907E+00
  0.26300000E+01 -0.21054011E+00  0.37972560E+00
  0.26350000E+01 -0.22012923E+00  0.36941182E+00
  0.26400000E+01 -0.22944584E+00  0.35845565E+00
  0.26450000E+01 -0.23844534E+00  0.34677368E+00
  0.26500000E+01 -0.24708915E+00  0.33439744E+00
  0.26550000E+01 -0.25535109E+00  0.32144879E+00
  0.26600000E+01 -0.26321049E+00  0.30809080E+00
  0.26650000E+01 -0.27064689E+00  0.29447402E+00
  0.26700000E+01 -0.27764775E+00  0.28072453E+00
  0.26750000E+01 -0.28421540E+00  0.26697522E+00
  0.26800000E+01 -0.29037542E+00  0.25339162E+00
  0.26850000E+01 -0.29617329E+00  0.24015752E+00
  0.26900000E+01 -0.30166840E+00  0.22743324E+00
  0.26950000E+01 -0.30692362E+00  0.21532639E+00
  0.27000000E+01 -0.31200845E+00  0.20390967E+00
  0.27050000E+01 -0.31700079E+00  0.19330971E+00
  0.27100000E+01 -0.32196764E+00  0.18359777E+00
  0.27150000E+01 -0.32689524E+00  0.17323042E+00
  0.27200000E+01 -0.33141820E+00  0.16823882E+00
  0.27250000E+01 -0.33407605E+00  0.14733508E+00
  0.27300000E+01 -0.34579208E+00  0.16900637E+00
  0.27350000E+01 -0.36530184E+00  0.20067303E+00
  0.27400000E+01 -0.40816949E+00  0.17355956E+00
  0.27450000E+01 -0.61428347E+00  0.10528272E+01
  0.27500000E+01 -0.43868479E+00 -0.22935204E+00
  0.27550000E+01 -0.36653874E+00 -0.22408779E+00
  0.27600000E+01 -0.32329959E+00 -0.22229664E+00
  0.27650000E+01 -0.29196983E+00 -0.20223739E+00
  0.27700000E+01 -0.26728544E+00 -0.19547146E+00
  0.27750000E+01 -0.24694042E+00 -0.18406211E+00
  0.27800000E+01 -0.22969744E+00 -0.17456927E+00
  0.27850000E+01 -0.21483207E+00 -0.16384891E+00
  0.27900000E+01 -0.20189279E+00 -0.15415057E+00
  0.27950000E+01 -0.19075369E+00 -0.14289929E+00
  0.28000000E+01 -0.18143402E+00 -0.13122981E+00
  0.28050000E+01 -0.17329907E+00 -0.12060424E+00
  0.28100000E+01 -0.16609070E+00 -0.11100223E+00
  0.28150000E+01 -0.15957512E+00 -0.10260861E+00
  0.28200000E+01 -0.15354254E+00 -0.95208788E-01
  0.28250000E+01 -0.14790199E+00 -0.88265948E-01
  0.28300000E+01 -0.14266497E+00 -0.80710175E-01
  0.28350000E+01 -0.13802408E+00 -0.75414688E-01
  0.28400000E+01 -0.13390619E+00 -0.63159405E-01
  0.28450000E+01 -0.12577570E+00 -0.72236581E-01
  0.28500000E+01 -0.11884918E+00 -0.64089137E-01
  0.28550000E+01 -0.11376541E+00 -0.57002108E-01
  0.28600000E+01 -0.10977641E+00 -0.50117591E-01
  0.28650000E+01 -0.10628787E+00 -0.43466369E-01
  0.28700000E+01 -0.10298451E+00 -0.35729230E-01
  0.28750000E+01 -0.99645009E-01 -0.27088184E-01
  0.28800000E+01 -0.96269839E-01 -0.17051636E-01
  0.28850000E+01 -0.93851945E-01 -0.27028870E-02
  0.28900000E+01 -0.94158880E-01  0.15617039E-01
  0.28950000E+01 -0.97155116E-01  0.32296352E-01
  0.29000000E+01 -0.10248343E+00  0.43078679E-01
  0.29050000E+01 -0.10806784E+00  0.48261700E-01
  0.29100000E+01 -0.11273582E+00  0.52610346E-01
  0.29150000E+01 -0.11685107E+00  0.57523371E-01
  0.29200000E+01 -0.12098281E+00  0.62515383E-01
  0.29250000E+01 -0.12537144E+00  0.67181417E-01
  0.29300000E+01 -0.13003559E+00  0.71211731E-01
  0.29350000E+01 -0.13490938E+00  0.74537376E-01
  0.29400000E+01 -0.13991074E+00  0.77132109E-01
  0.29450000E+01 -0.14498029E+00  0.79099651E-01
  0.29500000E+01 -0.15007570E+00  0.80453642E-01
  0.29550000E+01 -0.15514640E+00  0.81292268E-01
  0.29600000E+01 -0.16017042E+00  0.81628589E-01
  0.29650000E+01 -0.16512762E+00  0.81501951E-01
  0.29700000E+01 -0.17001789E+00  0.80939322E-01
  0.29750000E+01 -0.17481292E+00  0.80011488E-01
  0.29800000E+01 -0.17949708E+00  0.78802752E-01
  0.29850000E+01 -0.18404446E+00  0.77415482E-01
  0.29900000E+01 -0.18842672E+00  0.75905449E-01
  0.29950000E+01 -0.19261684E+00  0.74275036E-01
  0.30000000E+01 -0.19656203E+00  0.72464445E-01
  0.30050000E+01 -0.20023487E+00  0.70385072E-01
  0.30100000E+01 -0.20356827E+00  0.68021847E-01
  0.30150000E+01 -0.20644554E+00  0.65418556E-01
  0.30200000E+01 -0.20860658E+00  0.62678070E-01
  0.30250000E+01 -0.20948767E+00  0.69793023E-01
  0.30300000E+01 -0.21291628E+00  0.68225661E-01
  0.30350000E+01 -0.21616286E+00  0.69847185E-01
  0.30400000E+01 -0.21968596E+00  0.71613085E-01
  0.30450000E+01 -0.22357998E+00  0.73409134E-01
  0.30500000E+01 -0.22788529E+00  0.75160551E-01
  0.30550000E+01 -0.23261767E+00  0.76840458E-01
  0.30600000E+01 -0.23781019E+00  0.78445024E-01
  0.30650000E+01 -0.24346666E+00  0.79965872E-01
  0.30700000E+01 -0.24959565E+00  0.81394737E-01
  0.30750000E+01 -0.25617635E+00  0.82773756E-01
  0.30800000E+01 -0.26315375E+00  0.84537471E-01
  0.30850000E+01 -0.27047385E+00  0.87889399E-01
  0.30900000E+01 -0.27834405E+00  0.84582788E-01
  0.30950000E+01 -0.29198754E+00  0.10883769E+00
  0.31000000E+01 -0.30916381E+00  0.12238185E+00
  0.31050000E+01 -0.32736641E+00  0.13123417E+00
  0.31100000E+01 -0.34659513E+00  0.13689858E+00
  0.31150000E+01 -0.36683140E+00  0.14112953E+00
  0.31200000E+01 -0.38797098E+00  0.14294543E+00
  0.31250000E+01 -0.40973432E+00  0.13980775E+00
  0.31300000E+01 -0.43263422E+00  0.13565846E+00
  0.31350000E+01 -0.45608898E+00  0.12909026E+00
  0.31400000E+01 -0.48020324E+00  0.12122948E+00
  0.31450000E+01 -0.50486076E+00  0.11075511E+00
  0.31500000E+01 -0.52990662E+00  0.98624453E-01
  0.31550000E+01 -0.55516038E+00  0.83287847E-01
  0.31600000E+01 -0.58036659E+00  0.65292950E-01
  0.31650000E+01 -0.60518863E+00  0.43728925E-01
  0.31700000E+01 -0.62914533E+00  0.17685192E-01
  0.31750000E+01 -0.65159384E+00 -0.13024040E-01
  0.31800000E+01 -0.67168361E+00 -0.48007914E-01
  0.31850000E+01 -0.68845330E+00 -0.85962953E-01
  0.31900000E+01 -0.70133188E+00 -0.12339322E+00
  0.31950000E+01 -0.71116811E+00 -0.15743491E+00
  0.32000000E+01 -0.71941917E+00 -0.19318999E+00
  0.32050000E+01 -0.72342878E+00 -0.23153841E+00
  0.32100000E+01 -0.72822624E+00 -0.27776808E+00
  0.32150000E+01 -0.73062162E+00 -0.33339048E+00
  0.32200000E+01 -0.71952541E+00 -0.40389812E+00
  0.32250000E+01 -0.70072596E+00 -0.40614768E+00
  0.32300000E+01 -0.70051670E+00 -0.44095854E+00
  0.32350000E+01 -0.69536573E+00 -0.52427755E+00
  0.32400000E+01 -0.68424105E+00 -0.59317294E+00
  0.32450000E+01 -0.66736288E+00 -0.64136337E+00
  0.32500000E+01 -0.67671319E+00 -0.72445531E+00
  0.32550000E+01 -0.65203802E+00 -0.81780756E+00
  0.32600000E+01 -0.62003494E+00 -0.91134500E+00
  0.32650000E+01 -0.58273843E+00 -0.10070997E+01
  0.32700000E+01 -0.54005669E+00 -0.11113368E+01
  0.32750000E+01 -0.49094101E+00 -0.12313216E+01
  0.32800000E+01 -0.43316988E+00 -0.13779954E+01
  0.32850000E+01 -0.36204634E+00 -0.15712862E+01
  0.32900000E+01 -0.26657300E+00 -0.18579276E+01
  0.32950000E+01 -0.11572627E+00 -0.23680488E+01
  0.33000000E+01  0.21645265E+00 -0.33836576E+01
  0.33050000E+01  0.23586039E+01 -0.11291092E+02
  0.33100000E+01  0.43708891E+01  0.72349741E+01
  0.33150000E+01  0.13307455E+01 -0.46381874E-02
  0.33200000E+01  0.73977321E+00  0.12889082E+01
  0.33250000E+01  0.47976248E+00  0.88505293E+00
  0.33300000E+01  0.28540322E+00  0.61929939E+00
  0.33350000E+01  0.14469327E+00  0.40487470E+00
  0.33400000E+01  0.36591059E-01  0.17497349E+00
  0.33450000E+01 -0.88204747E-01 -0.14751749E+00
  0.33500000E+01  0.44622971E-01 -0.49893101E+00
  0.33550000E+01  0.28078465E+00  0.29440157E+00
  0.33600000E+01  0.19977631E+00  0.15334446E-01
  0.33650000E+01  0.15750321E+00 -0.39647164E-01
  0.33700000E+01  0.13488677E+00 -0.11980087E+00
  0.33750000E+01  0.13972174E+00 -0.17361124E+00
  0.33800000E+01  0.14661694E+00 -0.15131641E+00
  0.33850000E+01  0.13737114E+00 -0.92435319E-01
  0.33900000E+01  0.12641107E+00 -0.10947710E+00
  0.33950000E+01  0.11314661E+00 -0.14548476E+00
  0.34000000E+01  0.11062636E+00 -0.18439593E+00
  0.34050000E+01  0.11268249E+00 -0.21483093E+00
  0.34100000E+01  0.11766245E+00 -0.22764758E+00
  0.34150000E+01  0.12617180E+00 -0.26702912E+00
  0.34200000E+01  0.13963203E+00 -0.30658055E+00
  0.34250000E+01  0.15989618E+00 -0.32578177E+00
  0.34300000E+01  0.19088785E+00 -0.33349375E+00
  0.34350000E+01  0.24261179E+00 -0.55369489E+00
  0.34400000E+01  0.33955627E+00 -0.82838247E+00
  0.34450000E+01  0.32975595E+00 -0.26301048E+00
  0.34500000E+01  0.30165130E+00 -0.20422148E+00
  0.34550000E+01  0.28557693E+00 -0.18445567E+00
  0.34600000E+01  0.27950064E+00 -0.18929785E+00
  0.34650000E+01  0.28383328E+00 -0.24123253E+00
  0.34700000E+01  0.29780281E+00 -0.25047097E+00
  0.34750000E+01  0.31311042E+00 -0.23962515E+00
  0.34800000E+01  0.33066053E+00 -0.24461275E+00
  0.34850000E+01  0.34974223E+00 -0.22405763E+00
  0.34900000E+01  0.31864457E+00 -0.55046505E-01
  0.34950000E+01  0.33335700E+00 -0.17730038E+00
  0.35000000E+01  0.34469541E+00 -0.18702012E+00
  0.35050000E+01  0.35837691E+00 -0.18429071E+00
  0.35100000E+01  0.37321083E+00 -0.17986256E+00
  0.35150000E+01  0.39098360E+00 -0.18214400E+00
  0.35200000E+01  0.40961599E+00 -0.16838707E+00
  0.35250000E+01  0.42731700E+00 -0.14849582E+00
  0.35300000E+01  0.44482140E+00 -0.12531579E+00
  0.35350000E+01  0.46180298E+00 -0.97339645E-01
  0.35400000E+01  0.47790147E+00 -0.65497104E-01
  0.35450000E+01  0.49265258E+00 -0.27238209E-01
  0.35500000E+01  0.50549394E+00  0.16620567E-01
  0.35550000E+01  0.51574727E+00  0.67645937E-01
  0.35600000E+01  0.52255909E+00  0.12787502E+00
  0.35650000E+01  0.52475916E+00  0.20054658E+00
  0.35700000E+01  0.52051489E+00  0.29336694E+00
  0.35750000E+01  0.50560800E+00  0.43284079E+00
  0.35800000E+01  0.40928366E+00  0.76920423E+00
  0.35850000E+01  0.24762850E+00  0.70074712E+00
  0.35900000E+01 -0.26392092E-01  0.20398504E+00
  0.35950000E+01 -0.14439428E+00 -0.39040897E+00
  0.36000000E+01 -0.60634861E-01  0.26240547E+00
  0.36050000E+01 -0.14177455E+00 -0.11175171E+01
  0.36100000E+01  0.26979114E+00 -0.31785991E-01
  0.36150000E+01  0.37742808E+00 -0.84419681E+00
  0.36200000E+01  0.52708415E+00  0.43553190E-01
  0.36250000E+01  0.51221224E+00  0.11043823E+00
  0.36300000E+01  0.49956106E+00  0.14911235E+00
  0.36350000E+01  0.48560469E+00  0.18401633E+00
  0.36400000E+01  0.46949500E+00  0.17080455E+00
  0.36450000E+01  0.52842548E+00  0.54292227E-01
  0.36500000E+01  0.58171719E+00  0.23864454E+00
  0.36550000E+01  0.60425828E+00  0.57717359E+00
  0.36600000E+01  0.49591162E+00  0.57196519E+00
  0.36650000E+01  0.40945233E+00  0.64070216E+00
  0.36700000E+01  0.36006041E+00  0.78705342E+00
  0.36750000E+01  0.26629080E+00  0.80325827E+00
  0.36800000E+01  0.20220017E+00  0.80220732E+00
  0.36850000E+01  0.15658577E+00  0.78042356E+00
  0.36900000E+01  0.12657664E+00  0.75347894E+00
  0.36950000E+01  0.10518521E+00  0.76320156E+00
  0.37000000E+01  0.12901130E+00  0.52789133E+00
  0.37050000E+01  0.62543636E-01  0.96039864E+00
  0.37100000E+01 -0.18845362E-01  0.10569211E+01
  0.37150000E+01 -0.91372731E-01  0.11150288E+01
  0.37200000E+01 -0.16692689E+00  0.11556883E+01
  0.37250000E+01 -0.25126175E+00  0.11778224E+01
  0.37300000E+01 -0.35948652E+00  0.13427522E+01
  0.37350000E+01 -0.52470862E+00  0.17003519E+01
  0.37400000E+01 -0.64858765E+00  0.14168267E+01
  0.37450000E+01 -0.62810562E+00  0.10060320E+01
  0.37500000E+01 -0.73548108E+00  0.12759291E+01
  0.37550000E+01 -0.90458895E+00  0.16327787E+01
  0.37600000E+01 -0.10623478E+01  0.10059184E+01
  0.37650000E+01 -0.11711763E+01  0.80361115E+00
  0.37700000E+01 -0.11289495E+01  0.52654729E+00
  0.37750000E+01 -0.11388751E+01  0.68594280E+00
  0.37800000E+01 -0.11590523E+01  0.55942436E+00
  0.37850000E+01 -0.12033892E+01  0.56520257E+00
  0.37900000E+01 -0.12894855E+01  0.60081251E+00
  0.37950000E+01 -0.13552508E+01  0.71521799E+00
  0.38000000E+01 -0.16307539E+01 -0.54348375E-02
  0.38050000E+01 -0.16491009E+01 -0.35018968E+00
  0.38100000E+01 -0.16036149E+01 -0.65287174E+00
  0.38150000E+01 -0.15318221E+01 -0.91490482E+00
  0.38200000E+01 -0.14169525E+01 -0.12677799E+01
  0.38250000E+01 -0.12769665E+01 -0.14413900E+01
  0.38300000E+01 -0.11067422E+01 -0.17300750E+01
  0.38350000E+01 -0.56110703E+00 -0.18553877E+01
  0.38400000E+01  0.21263412E+00  0.11026161E+01
  0.38450000E+01 -0.74436318E+00 -0.14807654E+01
  0.38500000E+01 -0.83659137E+00 -0.11996870E+01
  0.38550000E+01 -0.63888282E+00 -0.17918175E+01
  0.38600000E+01 -0.51334640E+00 -0.16769499E+01
  0.38650000E+01 -0.41282391E+00 -0.18420403E+01
  0.38700000E+01 -0.27958487E+00 -0.18653338E+01
  0.38750000E+01 -0.14204813E+00 -0.18689018E+01
  0.38800000E+01 -0.22717442E-01 -0.18621474E+01
  0.38850000E+01  0.80478430E-01 -0.18219728E+01
  0.38900000E+01  0.30405904E+00 -0.21149693E+01
  0.38950000E+01  0.58894125E+00 -0.21922396E+01
  0.39000000E+01  0.10890041E+01 -0.32803109E+01
  0.39050000E+01  0.12879909E+01 -0.20458543E+01
  0.39100000E+01  0.14275271E+01 -0.17589962E+01
  0.39150000E+01  0.15013499E+01 -0.11082605E+01
  0.39200000E+01  0.14443056E+01 -0.31513976E+00
  0.39250000E+01  0.13622684E+01 -0.38943179E-01
  0.39300000E+01  0.13013918E+01  0.12811983E+00
  0.39350000E+01  0.12358761E+01  0.65365722E+00
  0.39400000E+01  0.99204453E+00  0.91876451E+00
  0.39450000E+01  0.10443641E+00  0.30382989E+01
  0.39500000E+01 -0.54666531E+00 -0.99129420E+00
  0.39550000E+01  0.17114363E+00 -0.36234883E+00
  0.39600000E+01  0.32072454E+00 -0.26780191E+00
  0.39650000E+01  0.40639411E+00 -0.27465995E+00
  0.39700000E+01  0.45980354E+00 -0.20366215E+00
  0.39750000E+01  0.52863530E+00 -0.28819482E+00
  0.39800000E+01  0.60902148E+00 -0.43852091E+00
  0.39850000E+01  0.68564296E+00 -0.37811326E+00
  0.39900000E+01  0.70396814E+00 -0.24499679E+00
  0.39950000E+01  0.72395672E+00 -0.34356290E-01
  0.40000000E+01  0.70651222E+00  0.24934077E-02
  0.40050000E+01  0.72566832E+00 -0.13745275E+00
  0.40100000E+01  0.74743343E+00  0.63490367E-01
  0.40150000E+01  0.69811869E+00  0.43134910E+00
  0.40200000E+01  0.63308534E+00  0.49853704E+00
  0.40250000E+01  0.56323776E+00  0.57174716E+00
  0.40300000E+01  0.46149196E+00  0.61443648E+00
  0.40350000E+01  0.38402746E+00  0.44682461E+00
  0.40400000E+01  0.32846163E+00  0.38642201E+00
  0.40450000E+01  0.32780532E+00  0.12139049E+00
  0.40500000E+01  0.50322672E+00  0.11614793E+00
  0.40550000E+01  0.55265653E+00  0.20033006E+01
  0.40600000E+01  0.11495065E+00  0.14147066E+00
  0.40650000E+01  0.12619512E+00  0.31174397E+00
  0.40700000E+01  0.15099809E+00  0.22098264E+00
  0.40750000E+01  0.17168904E+00  0.17387127E+00
  0.40800000E+01  0.21450669E+00  0.10941687E+00
  0.40850000E+01  0.27148880E+00  0.82660100E-01
  0.40900000E+01  0.32979057E+00  0.84569741E-01
  0.40950000E+01  0.39510518E+00  0.12087391E+00
  0.41000000E+01  0.46101518E+00  0.19562216E+00
  0.41050000E+01  0.51503486E+00  0.32356255E+00
  0.41100000E+01  0.54242138E+00  0.48709593E+00
  0.41150000E+01  0.53438061E+00  0.65457360E+00
  0.41200000E+01  0.49356199E+00  0.80111423E+00
  0.41250000E+01  0.42817905E+00  0.10093722E+01
  0.41300000E+01  0.31843377E+00  0.11858251E+01
  0.41350000E+01  0.18322287E+00  0.14196951E+01
  0.41400000E+01  0.13496804E-01  0.17073037E+01
  0.41450000E+01 -0.34307495E+00  0.23682418E+01
  0.41500000E+01 -0.15171524E+01  0.33723502E+01
  0.41550000E+01 -0.13523089E+01  0.17484160E+01
  0.41600000E+01 -0.18430192E+01  0.11358550E+01
  0.41650000E+01 -0.26944956E+01  0.27865765E+01
  0.41700000E+01 -0.24787288E+01 -0.16421825E+01
  0.41750000E+01 -0.19937803E+01 -0.16511872E+01
  0.41800000E+01 -0.16910775E+01 -0.18616600E+01
  0.41850000E+01 -0.14675029E+01 -0.20635530E+01
  0.41900000E+01 -0.12920569E+01 -0.22147880E+01
  0.41950000E+01 -0.11483525E+01 -0.26257772E+01
  0.42000000E+01 -0.99054280E+00 -0.28262135E+01
  0.42050000E+01 -0.58275006E+00 -0.38907392E+01
  0.42100000E+01  0.13818058E-02 -0.47212390E+01
  0.42150000E+01  0.41358074E+00 -0.42646317E+01
  0.42200000E+01  0.17442185E+01 -0.53488032E+01
  0.42250000E+01  0.18835024E+01 -0.27212637E+01
  0.42300000E+01  0.18986213E+01 -0.23015658E+01
  0.42350000E+01  0.19184383E+01 -0.18501394E+01
  0.42400000E+01  0.19474368E+01 -0.19111554E+01
  0.42450000E+01  0.21145583E+01 -0.16138462E+01
  0.42500000E+01  0.21686110E+01 -0.11747841E+01
  0.42550000E+01  0.22084410E+01 -0.97866192E+00
  0.42600000E+01  0.21020468E+01 -0.57576024E+00
  0.42650000E+01  0.20315493E+01 -0.38690485E+00
  0.42700000E+01  0.20748088E+01 -0.23957700E+00
  0.42750000E+01  0.20607996E+01 -0.76324133E-01
  0.42800000E+01  0.20004615E+01  0.11778208E+00
  0.42850000E+01  0.19215840E+01  0.22760964E+00
  0.42900000E+01  0.18812629E+01  0.39160529E+00
  0.42950000E+01  0.18215861E+01  0.53802489E+00
  0.43000000E+01  0.17475262E+01  0.67852106E+00
  0.43050000E+01  0.16472364E+01  0.83255703E+00
  0.43100000E+01  0.15030751E+01  0.96821042E+00
  0.43150000E+01  0.12596796E+01  0.10545418E+01
  0.43200000E+01  0.66932806E+00 -0.20233458E+00
  0.43250000E+01  0.21742882E+01 -0.36477566E+01
  0.43300000E+01  0.29683557E+01  0.36941628E+01
  0.43350000E+01  0.17557256E+01  0.31209889E+01
  0.43400000E+01  0.12682390E+01  0.18713170E+01
  0.43450000E+01  0.11016259E+01  0.16603239E+01
  0.43500000E+01  0.10119627E+01  0.14670472E+01
  0.43550000E+01  0.91434786E+00  0.14942490E+01
  0.43600000E+01  0.85694667E+00  0.12339171E+01
  0.43650000E+01  0.82656382E+00  0.12170400E+01
  0.43700000E+01  0.80225990E+00  0.12034448E+01
  0.43750000E+01  0.78365766E+00  0.11866126E+01
  0.43800000E+01  0.76486309E+00  0.12717897E+01
  0.43850000E+01  0.71627223E+00  0.12634555E+01
  0.43900000E+01  0.67629681E+00  0.12230933E+01
  0.43950000E+01  0.64309352E+00  0.12281042E+01
  0.44000000E+01  0.60831158E+00  0.12183245E+01
  0.44050000E+01  0.56554085E+00  0.11796865E+01
  0.44100000E+01  0.56175898E+00  0.12203090E+01
  0.44150000E+01  0.54071738E+00  0.12272306E+01
  0.44200000E+01  0.50887912E+00  0.12346389E+01
  0.44250000E+01  0.44497956E+00  0.13621092E+01
  0.44300000E+01  0.38658091E+00  0.14139237E+01
  0.44350000E+01  0.34494888E+00  0.15404251E+01
  0.44400000E+01  0.19348713E+00  0.16438586E+01
  0.44450000E+01  0.27281091E-01  0.16094375E+01
  0.44500000E+01  0.75224523E-01  0.12510158E+01
  0.44550000E+01  0.45492241E-01  0.13178861E+01
  0.44600000E+01  0.57801420E-01  0.10526799E+01
  0.44650000E+01  0.11132428E+00  0.84481225E+00
  0.44700000E+01  0.15404243E+00  0.76195781E+00
  0.44750000E+01  0.18952773E+00  0.68679099E+00
  0.44800000E+01  0.20668135E+00  0.72062813E+00
  0.44850000E+01  0.20880454E+00  0.66194673E+00
  0.44900000E+01  0.26330880E+00  0.51420931E+00
  0.44950000E+01  0.30546023E+00  0.45541714E+00
  0.45000000E+01  0.35985643E+00  0.37300755E+00
  0.45050000E+01  0.42350248E+00  0.30498783E+00
  0.45100000E+01  0.49747700E+00  0.19374385E+00
  0.45150000E+01  0.59926979E+00  0.69931153E-01
  0.45200000E+01  0.73273338E+00 -0.30363850E-03
  0.45250000E+01  0.91790793E+00 -0.77092329E-01
  0.45300000E+01  0.12067556E+01 -0.42928729E+00
  0.45350000E+01  0.14156780E+01 -0.57864617E+00
  0.45400000E+01  0.10145619E+01  0.25603907E+01
  0.45450000E+01  0.56550178E+00  0.21173835E+01
  0.45500000E+01  0.47601494E+00  0.19785865E+01
  0.45550000E+01  0.50809384E+00  0.10329241E+01
  0.45600000E+01  0.54679108E+00  0.76992061E+00
  0.45650000E+01  0.50072002E+00  0.92098115E+00
  0.45700000E+01  0.48984693E+00  0.99062199E+00
  0.45750000E+01  0.45509687E+00  0.17636269E+01
  0.45800000E+01  0.35328100E+00  0.25470105E+01
  0.45850000E+01  0.20897533E+00  0.19585065E+01
  0.45900000E+01  0.46245288E+00  0.10343401E+01
  0.45950000E+01  0.48351540E+00  0.11820332E+01
  0.46000000E+01  0.52023703E+00  0.77622085E+00
  0.46050000E+01  0.80415289E+00  0.16931402E+01
  0.46100000E+01  0.79385742E+00  0.26251670E+01
  0.46150000E+01  0.77872778E+00  0.16288687E+01
  0.46200000E+01  0.35386778E+00  0.27618879E+01
  0.46250000E+01  0.32712148E+00  0.18513519E+01
  0.46300000E+01  0.34829204E+00  0.21157187E+01
  0.46350000E+01  0.17684222E+00  0.24517506E+01
  0.46400000E+01  0.31657091E+00  0.15308740E+01
  0.46450000E+01  0.18859717E+01  0.90561365E+00
  0.46500000E+01  0.99683005E+00  0.52163165E+01
  0.46550000E+01 -0.37813448E+00  0.64398920E+01
  0.46600000E+01 -0.81934176E+00  0.34202485E+01
  0.46650000E+01 -0.10799187E+01  0.57671656E+01
  0.46700000E+01 -0.20298176E+01  0.62785260E+01
  0.46750000E+01 -0.27302271E+01  0.20558021E+01
  0.46800000E+01 -0.21621944E+01  0.67477318E+00
  0.46850000E+01 -0.22593759E+01  0.14738345E+01
  0.46900000E+01 -0.21784655E+01  0.18939225E+01
  0.46950000E+01 -0.22431717E+01  0.14941094E+01
  0.47000000E+01 -0.24437164E+01  0.87474788E+00
  0.47050000E+01 -0.21459080E+01  0.11906268E+01
  0.47100000E+01 -0.25396324E+01 -0.13801724E+01
  0.47150000E+01 -0.18652755E+01 -0.21391301E+01
  0.47200000E+01 -0.89153359E+00  0.70108155E-02
  0.47250000E+01 -0.73308623E+00  0.22220688E+01
  0.47300000E+01 -0.11140872E+01  0.73002819E+00
  0.47350000E+01 -0.95508946E+00  0.13193645E+00
  0.47400000E+01 -0.94623578E+00 -0.52504538E-01
  0.47450000E+01 -0.88698031E+00  0.54047095E+00
  0.47500000E+01 -0.75371552E+00 -0.38786386E+00
  0.47550000E+01 -0.91387567E+00  0.19535115E+00
  0.47600000E+01 -0.79765165E+00 -0.53572955E-01
  0.47650000E+01 -0.61929813E+00 -0.73969811E+00
  0.47700000E+01 -0.38047727E+00  0.72363910E-02
  0.47750000E+01 -0.48117665E+00  0.32468171E+00
  0.47800000E+01 -0.50117426E+00  0.38023541E+00
  0.47850000E+01 -0.40711132E+00  0.44536365E+00
  0.47900000E+01 -0.43994882E+00  0.66126550E+00
  0.47950000E+01  0.30385376E+00 -0.16009534E+00
  0.48000000E+01 -0.10299978E+00  0.14539331E+01
  0.48050000E+01 -0.63294507E+00  0.21216223E+01
  0.48100000E+01 -0.97695119E+00  0.18153338E+01
  0.48150000E+01 -0.10767215E+01  0.15740030E+01
  0.48200000E+01 -0.10720813E+01  0.19340350E+01
  0.48250000E+01 -0.12993753E+01  0.22747388E+01
  0.48300000E+01 -0.16358709E+01  0.26643389E+01
  0.48350000E+01 -0.22021027E+01  0.25066211E+01
  0.48400000E+01 -0.27906655E+01  0.16912964E+01
  0.48450000E+01 -0.25847974E+01  0.27800112E+00
  0.48500000E+01 -0.25902186E+01  0.37438676E+00
  0.48550000E+01 -0.26048873E+01 -0.43965480E+00
  0.48600000E+01 -0.10641019E+01 -0.34185618E+01
  0.48650000E+01 -0.21797381E+01  0.82598143E+00
  0.48700000E+01 -0.46008037E+01 -0.12855106E+01
  0.48750000E+01 -0.32911654E+01 -0.21839223E+01
  0.48800000E+01 -0.27939288E+01 -0.25479301E+01
  0.48850000E+01 -0.23266456E+01 -0.32719833E+01
  0.48900000E+01 -0.12261181E+01 -0.28632475E+01
  0.48950000E+01 -0.75720637E+00 -0.22239051E+01
  0.49000000E+01 -0.58259569E+00 -0.20691387E+01
  0.49050000E+01 -0.59059009E+00 -0.14558064E+01
  0.49100000E+01 -0.55073940E+00 -0.17520778E+01
  0.49150000E+01 -0.43592112E+00 -0.18631972E+01
  0.49200000E+01 -0.11351774E+00 -0.19579105E+01
  0.49250000E+01  0.45453677E-01 -0.82725317E+00
  0.49300000E+01 -0.10238667E+00 -0.80525418E+00
  0.49350000E+01 -0.17584006E+00 -0.86213426E+00
  0.49400000E+01 -0.21333845E+00  0.50744270E+00
  0.49450000E+01 -0.77001033E+00 -0.33414510E+00
  0.49500000E+01 -0.59024348E+00 -0.89106958E+00
  0.49550000E+01 -0.27218155E+00 -0.13066533E+01
  0.49600000E+01 -0.14565140E+00 -0.10703350E+01
  0.49650000E+01 -0.18784432E+00 -0.78448115E+00
  0.49700000E+01 -0.35292458E+00 -0.53947195E+00
  0.49750000E+01 -0.35436881E+00 -0.56075576E+00
  0.49800000E+01 -0.37610330E+00 -0.67581218E+00
  0.49850000E+01 -0.18114508E+00 -0.15526756E+01
  0.49900000E+01  0.18285994E+00 -0.15253117E+01
  0.49950000E+01  0.46183786E+00 -0.15563315E+01
  0.50000000E+01  0.74892391E+00 -0.14701609E+01
