  0.00000000E+00  0.11780317E-01  0.18421834E-59
  0.50000000E-02  0.11780180E-01 -0.45330040E-46
  0.10000000E-01  0.11779769E-01 -0.90660222E-46
  0.15000000E-01  0.11779084E-01 -0.13599069E-45
  0.20000000E-01  0.11778125E-01 -0.18132158E-45
  0.25000000E-01  0.11776891E-01 -0.22665305E-45
  0.30000000E-01  0.11775381E-01 -0.27198522E-45
  0.35000000E-01  0.11773596E-01 -0.31731826E-45
  0.40000000E-01  0.11771535E-01 -0.36265228E-45
  0.45000000E-01  0.11769197E-01 -0.40798745E-45
  0.50000000E-01  0.11766580E-01 -0.45332390E-45
  0.55000000E-01  0.11763685E-01 -0.49866178E-45
  0.60000000E-01  0.11760509E-01 -0.54400122E-45
  0.65000000E-01  0.11757053E-01 -0.58934237E-45
  0.70000000E-01  0.11753313E-01 -0.63468538E-45
  0.75000000E-01  0.11749290E-01 -0.68003037E-45
  0.80000000E-01  0.11744982E-01 -0.72537751E-45
  0.85000000E-01  0.11740386E-01 -0.77072692E-45
  0.90000000E-01  0.11735502E-01 -0.81607876E-45
  0.95000000E-01  0.11730327E-01 -0.86143316E-45
  0.10000000E+00  0.11724860E-01 -0.90679027E-45
  0.10500000E+00  0.11719099E-01 -0.95215022E-45
  0.11000000E+00  0.11713040E-01 -0.99751317E-45
  0.11500000E+00  0.11706683E-01 -0.10428793E-44
  0.12000000E+00  0.11700024E-01 -0.10882486E-44
  0.12500000E+00  0.11693062E-01 -0.11336214E-44
  0.13000000E+00  0.11685793E-01 -0.11789977E-44
  0.13500000E+00  0.11678214E-01 -0.12243778E-44
  0.14000000E+00  0.11670324E-01 -0.12697617E-44
  0.14500000E+00  0.11662118E-01 -0.13151496E-44
  0.15000000E+00  0.11653594E-01 -0.13605416E-44
  0.15500000E+00  0.11644749E-01 -0.14059379E-44
  0.16000000E+00  0.11635579E-01 -0.14513386E-44
  0.16500000E+00  0.11626080E-01 -0.14967438E-44
  0.17000000E+00  0.11616249E-01 -0.15421538E-44
  0.17500000E+00  0.11606082E-01 -0.15875686E-44
  0.18000000E+00  0.11595575E-01 -0.16329884E-44
  0.18500000E+00  0.11584724E-01 -0.16784134E-44
  0.19000000E+00  0.11573525E-01 -0.17238436E-44
  0.19500000E+00  0.11561974E-01 -0.17692792E-44
  0.20000000E+00  0.11550065E-01 -0.18147204E-44
  0.20500000E+00  0.11537794E-01 -0.18601672E-44
  0.21000000E+00  0.11525157E-01 -0.19056200E-44
  0.21500000E+00  0.11512148E-01 -0.19510787E-44
  0.22000000E+00  0.11498762E-01 -0.19965435E-44
  0.22500000E+00  0.11484994E-01 -0.20420146E-44
  0.23000000E+00  0.11470838E-01 -0.20874922E-44
  0.23500000E+00  0.11456288E-01 -0.21329762E-44
  0.24000000E+00  0.11441339E-01 -0.21784670E-44
  0.24500000E+00  0.11425985E-01 -0.22239646E-44
  0.25000000E+00  0.11410219E-01 -0.22694693E-44
  0.25500000E+00  0.11394034E-01 -0.23149810E-44
  0.26000000E+00  0.11377425E-01 -0.23605000E-44
  0.26500000E+00  0.11360384E-01 -0.24060264E-44
  0.27000000E+00  0.11342904E-01 -0.24515604E-44
  0.27500000E+00  0.11324977E-01 -0.24971021E-44
  0.28000000E+00  0.11306597E-01 -0.25426516E-44
  0.28500000E+00  0.11287756E-01 -0.25882091E-44
  0.29000000E+00  0.11268445E-01 -0.26337747E-44
  0.29500000E+00  0.11248657E-01 -0.26793486E-44
  0.30000000E+00  0.11228382E-01 -0.27249309E-44
  0.30500000E+00  0.11207613E-01 -0.27705218E-44
  0.31000000E+00  0.11186340E-01 -0.28161214E-44
  0.31500000E+00  0.11164553E-01 -0.28617298E-44
  0.32000000E+00  0.11142244E-01 -0.29073472E-44
  0.32500000E+00  0.11119403E-01 -0.29529737E-44
  0.33000000E+00  0.11096019E-01 -0.29986095E-44
  0.33500000E+00  0.11072083E-01 -0.30442547E-44
  0.34000000E+00  0.11047582E-01 -0.30899095E-44
  0.34500000E+00  0.11022507E-01 -0.31355739E-44
  0.35000000E+00  0.10996846E-01 -0.31812482E-44
  0.35500000E+00  0.10970587E-01 -0.32269325E-44
  0.36000000E+00  0.10943719E-01 -0.32726270E-44
  0.36500000E+00  0.10916229E-01 -0.33183317E-44
  0.37000000E+00  0.10888103E-01 -0.33640468E-44
  0.37500000E+00  0.10859330E-01 -0.34097724E-44
  0.38000000E+00  0.10829895E-01 -0.34555088E-44
  0.38500000E+00  0.10799785E-01 -0.35012560E-44
  0.39000000E+00  0.10768985E-01 -0.35470142E-44
  0.39500000E+00  0.10737480E-01 -0.35927836E-44
  0.40000000E+00  0.10705256E-01 -0.36385642E-44
  0.40500000E+00  0.10672296E-01 -0.36843562E-44
  0.41000000E+00  0.10638585E-01 -0.37301598E-44
  0.41500000E+00  0.10604105E-01 -0.37759751E-44
  0.42000000E+00  0.10568841E-01 -0.38218022E-44
  0.42500000E+00  0.10532773E-01 -0.38676414E-44
  0.43000000E+00  0.10495884E-01 -0.39134926E-44
  0.43500000E+00  0.10458155E-01 -0.39593562E-44
  0.44000000E+00  0.10419567E-01 -0.40052321E-44
  0.44500000E+00  0.10380099E-01 -0.40511207E-44
  0.45000000E+00  0.10339732E-01 -0.40970219E-44
  0.45500000E+00  0.10298444E-01 -0.41429360E-44
  0.46000000E+00  0.10256214E-01 -0.41888631E-44
  0.46500000E+00  0.10213018E-01 -0.42348033E-44
  0.47000000E+00  0.10168834E-01 -0.42807568E-44
  0.47500000E+00  0.10123637E-01 -0.43267237E-44
  0.48000000E+00  0.10077403E-01 -0.43727042E-44
  0.48500000E+00  0.10030107E-01 -0.44186984E-44
  0.49000000E+00  0.99817223E-02 -0.44647065E-44
  0.49500000E+00  0.99322213E-02 -0.45107285E-44
  0.50000000E+00  0.98815762E-02 -0.45567647E-44
  0.50500000E+00  0.98297582E-02 -0.46028152E-44
  0.51000000E+00  0.97767373E-02 -0.46488802E-44
  0.51500000E+00  0.97224828E-02 -0.46949596E-44
  0.52000000E+00  0.96669627E-02 -0.47410539E-44
  0.52500000E+00  0.96101440E-02 -0.47871629E-44
  0.53000000E+00  0.95519929E-02 -0.48332870E-44
  0.53500000E+00  0.94924741E-02 -0.48794263E-44
  0.54000000E+00  0.94315513E-02 -0.49255808E-44
  0.54500000E+00  0.93691869E-02 -0.49717506E-44
  0.55000000E+00  0.93053420E-02 -0.50179352E-44
  0.55500000E+00  0.92399765E-02 -0.50641277E-44
  0.56000000E+00  0.91730487E-02 -0.51102707E-44
  0.56500000E+00  0.91045158E-02 -0.51558889E-44
  0.57000000E+00  0.90343331E-02 -0.51971460E-44
  0.57500000E+00  0.89624545E-02 -0.52037426E-44
  0.58000000E+00  0.88888324E-02 -0.49414774E-44
  0.58500000E+00  0.88134173E-02 -0.26388162E-44
  0.59000000E+00  0.87361580E-02  0.14817158E-43
  0.59500000E+00  0.86570016E-02  0.14240276E-42
  0.60000000E+00  0.85758930E-02  0.10532090E-41
  0.60500000E+00  0.84927753E-02  0.74143657E-41
  0.61000000E+00  0.84075894E-02  0.50886341E-40
  0.61500000E+00  0.83202739E-02  0.34158015E-39
  0.62000000E+00  0.82307655E-02  0.22434998E-38
  0.62500000E+00  0.81389980E-02  0.14418040E-37
  0.63000000E+00  0.80449031E-02  0.90659225E-37
  0.63500000E+00  0.79484097E-02  0.55772171E-36
  0.64000000E+00  0.78494438E-02  0.33565690E-35
  0.64500000E+00  0.77479289E-02  0.19761411E-34
  0.65000000E+00  0.76437852E-02  0.11380361E-33
  0.65500000E+00  0.75369299E-02  0.64103387E-33
  0.66000000E+00  0.74272768E-02  0.35315411E-32
  0.66500000E+00  0.73147363E-02  0.19027348E-31
  0.67000000E+00  0.71992152E-02  0.10025294E-30
  0.67500000E+00  0.70806164E-02  0.51653259E-30
  0.68000000E+00  0.69588388E-02  0.26023240E-29
  0.68500000E+00  0.68337772E-02  0.12819622E-28
  0.69000000E+00  0.67053220E-02  0.61749696E-28
  0.69500000E+00  0.65733587E-02  0.29083502E-27
  0.70000000E+00  0.64377682E-02  0.13394666E-26
  0.70500000E+00  0.62984262E-02  0.60329533E-26
  0.71000000E+00  0.61552028E-02  0.26576881E-25
  0.71500000E+00  0.60079627E-02  0.11453709E-24
  0.72000000E+00  0.58565643E-02  0.48304091E-24
  0.72500000E+00  0.57008597E-02  0.19942832E-23
  0.73000000E+00  0.55406946E-02  0.80644188E-23
  0.73500000E+00  0.53759072E-02  0.31960609E-22
  0.74000000E+00  0.52063284E-02  0.12423471E-21
  0.74500000E+00  0.50317813E-02  0.47407215E-21
  0.75000000E+00  0.48520806E-02  0.17777007E-20
  0.75500000E+00  0.46670320E-02  0.65578597E-20
  0.76000000E+00  0.44764320E-02  0.23825706E-19
  0.76500000E+00  0.42800669E-02  0.85345787E-19
  0.77000000E+00  0.40777127E-02  0.30170670E-18
  0.77500000E+00  0.38691341E-02  0.10533353E-17
  0.78000000E+00  0.36540839E-02  0.36332767E-17
  0.78500000E+00  0.34323023E-02  0.12381788E-16
  0.79000000E+00  0.32035157E-02  0.41672092E-16
  0.79500000E+00  0.29674365E-02  0.13840090E-15
  0.80000000E+00  0.27237617E-02  0.45308182E-15
  0.80500000E+00  0.24721719E-02  0.14600494E-14
  0.81000000E+00  0.22123302E-02  0.46244572E-14
  0.81500000E+00  0.19438812E-02  0.14374275E-13
  0.82000000E+00  0.16664494E-02  0.43781134E-13
  0.82500000E+00  0.13796378E-02  0.13048066E-12
  0.83000000E+00  0.10830268E-02  0.38001336E-12
  0.83500000E+00  0.77617175E-03  0.10802919E-11
  0.84000000E+00  0.45860179E-03  0.29945436E-11
  0.84500000E+00  0.12981742E-03  0.80869402E-11
  0.85000000E+00 -0.21071155E-03  0.21260461E-10
  0.85500000E+00 -0.56354849E-03  0.54376834E-10
  0.86000000E+00 -0.92929262E-03  0.13522754E-09
  0.86500000E+00 -0.13085819E-02  0.32682369E-09
  0.87000000E+00 -0.17020965E-02  0.76729946E-09
  0.87500000E+00 -0.21105620E-02  0.17491613E-08
  0.88000000E+00 -0.25347538E-02  0.38699531E-08
  0.88500000E+00 -0.29755015E-02  0.83052578E-08
  0.89000000E+00 -0.34336937E-02  0.17276900E-07
  0.89500000E+00 -0.39102835E-02  0.34804183E-07
  0.90000000E+00 -0.44062954E-02  0.67807993E-07
  0.90500000E+00 -0.49228315E-02  0.12753251E-06
  0.91000000E+00 -0.54610799E-02  0.23096194E-06
  0.91500000E+00 -0.60223240E-02  0.40130086E-06
  0.92000000E+00 -0.66079524E-02  0.66550761E-06
  0.92500000E+00 -0.72194714E-02  0.10452762E-05
  0.93000000E+00 -0.78585182E-02  0.15360763E-05
  0.93500000E+00 -0.85268773E-02  0.20680104E-05
  0.94000000E+00 -0.92264995E-02  0.24447960E-05
  0.94500000E+00 -0.99595237E-02  0.22670014E-05
  0.95000000E+00 -0.10728304E-01  0.86637215E-06
  0.95500000E+00 -0.11535443E-01 -0.26921895E-05
  0.96000000E+00 -0.12383828E-01 -0.94611667E-05
  0.96500000E+00 -0.13276685E-01 -0.20249703E-04
  0.97000000E+00 -0.14217637E-01 -0.35081332E-04
  0.97500000E+00 -0.15210787E-01 -0.52646730E-04
  0.98000000E+00 -0.16260826E-01 -0.69792855E-04
  0.98500000E+00 -0.17373173E-01 -0.79990745E-04
  0.99000000E+00 -0.18554180E-01 -0.69075262E-04
  0.99500000E+00 -0.19811421E-01 -0.12195098E-04
  0.10000000E+01 -0.21154122E-01  0.12016914E-03
  0.10050000E+01 -0.22593816E-01  0.35100346E-03
  0.10100000E+01 -0.24145382E-01  0.59546773E-03
  0.10150000E+01 -0.25828689E-01  0.62202487E-03
  0.10200000E+01 -0.27671013E-01  0.37430324E-03
  0.10250000E+01 -0.29707482E-01 -0.98225303E-04
  0.10300000E+01 -0.31957105E-01 -0.69189225E-03
  0.10350000E+01 -0.34486639E-01 -0.10732540E-03
  0.10400000E+01 -0.37467775E-01  0.12066142E-02
  0.10450000E+01 -0.40944703E-01  0.37052350E-02
  0.10500000E+01 -0.44968167E-01  0.51963067E-02
  0.10550000E+01 -0.49571800E-01  0.62000173E-02
  0.10600000E+01 -0.54750731E-01  0.88990020E-02
  0.10650000E+01 -0.60390279E-01  0.19931143E-01
  0.10700000E+01 -0.66033925E-01  0.45433713E-01
  0.10750000E+01 -0.70300451E-01  0.40646107E-01
  0.10800000E+01 -0.65526282E-01 -0.17228716E-01
  0.10850000E+01 -0.60845369E-01 -0.42308079E-01
  0.10900000E+01 -0.55974569E-01 -0.62113306E-01
  0.10950000E+01 -0.51179364E-01 -0.77775402E-01
  0.11000000E+01 -0.46479170E-01 -0.89284607E-01
  0.11050000E+01 -0.41879465E-01 -0.10147928E+00
  0.11100000E+01 -0.37383285E-01 -0.11102025E+00
  0.11150000E+01 -0.32995719E-01 -0.11813650E+00
  0.11200000E+01 -0.28723995E-01 -0.12435857E+00
  0.11250000E+01 -0.24570057E-01 -0.12924791E+00
  0.11300000E+01 -0.20533613E-01 -0.13280611E+00
  0.11350000E+01 -0.16610493E-01 -0.13593488E+00
  0.11400000E+01 -0.12784208E-01 -0.13930302E+00
  0.11450000E+01 -0.90269179E-02 -0.14306974E+00
  0.11500000E+01 -0.53079638E-02 -0.14723863E+00
  0.11550000E+01 -0.15999294E-02 -0.15178129E+00
  0.11600000E+01  0.21180029E-02 -0.15652337E+00
  0.11650000E+01  0.58581649E-02 -0.16110835E+00
  0.11700000E+01  0.96249698E-02 -0.16512414E+00
  0.11750000E+01  0.13417100E-01 -0.16827422E+00
  0.11800000E+01  0.17229736E-01 -0.17046818E+00
  0.11850000E+01  0.21056337E-01 -0.17180030E+00
  0.11900000E+01  0.24889956E-01 -0.17246698E+00
  0.11950000E+01  0.28723625E-01 -0.17268865E+00
  0.12000000E+01  0.32549689E-01 -0.17266685E+00
  0.12050000E+01  0.36359878E-01 -0.17256913E+00
  0.12100000E+01  0.40147991E-01 -0.17252173E+00
  0.12150000E+01  0.43913770E-01 -0.17260017E+00
  0.12200000E+01  0.47663677E-01 -0.17282080E+00
  0.12250000E+01  0.51406289E-01 -0.17314112E+00
  0.12300000E+01  0.55145450E-01 -0.17347252E+00
  0.12350000E+01  0.58877627E-01 -0.17370328E+00
  0.12400000E+01  0.62596776E-01 -0.17372528E+00
  0.12450000E+01  0.66302565E-01 -0.17345750E+00
  0.12500000E+01  0.70003495E-01 -0.17286089E+00
  0.12550000E+01  0.73710632E-01 -0.17194184E+00
  0.12600000E+01  0.77426901E-01 -0.17074444E+00
  0.12650000E+01  0.81142184E-01 -0.16933424E+00
  0.12700000E+01  0.84839935E-01 -0.16777877E+00
  0.12750000E+01  0.88510370E-01 -0.16613020E+00
  0.12800000E+01  0.92158556E-01 -0.16441530E+00
  0.12850000E+01  0.95799556E-01 -0.16263471E+00
  0.12900000E+01  0.99443856E-01 -0.16077059E+00
  0.12950000E+01  0.10308513E+00 -0.15879877E+00
  0.13000000E+01  0.10670145E+00 -0.15670045E+00
  0.13050000E+01  0.11027012E+00 -0.15446937E+00
  0.13100000E+01  0.11378417E+00 -0.15211235E+00
  0.13150000E+01  0.11725587E+00 -0.14964422E+00
  0.13200000E+01  0.12070380E+00 -0.14708000E+00
  0.13250000E+01  0.12413479E+00 -0.14442767E+00
  0.13300000E+01  0.12753594E+00 -0.14168476E+00
  0.13350000E+01  0.13088276E+00 -0.13883992E+00
  0.13400000E+01  0.13415633E+00 -0.13587911E+00
  0.13450000E+01  0.13735661E+00 -0.13279417E+00
  0.13500000E+01  0.14050187E+00 -0.12959001E+00
  0.13550000E+01  0.14361346E+00 -0.12628688E+00
  0.13600000E+01  0.14669625E+00 -0.12291510E+00
  0.13650000E+01  0.14973096E+00 -0.11950302E+00
  0.13700000E+01  0.15268680E+00 -0.11606259E+00
  0.13750000E+01  0.15554535E+00 -0.11257952E+00
  0.13800000E+01  0.15831541E+00 -0.10901474E+00
  0.13850000E+01  0.16102633E+00 -0.10531938E+00
  0.13900000E+01  0.16370562E+00 -0.10145856E+00
  0.13950000E+01  0.16635800E+00 -0.97433182E-01
  0.14000000E+01  0.16895996E+00 -0.93287633E-01
  0.14050000E+01  0.17147307E+00 -0.89096314E-01
  0.14100000E+01  0.17386823E+00 -0.84932410E-01
  0.14150000E+01  0.17614617E+00 -0.80832368E-01
  0.14200000E+01  0.17833927E+00 -0.76774040E-01
  0.14250000E+01  0.18049126E+00 -0.72681544E-01
  0.14300000E+01  0.18262711E+00 -0.68457319E-01
  0.14350000E+01  0.18473422E+00 -0.64027665E-01
  0.14400000E+01  0.18676930E+00 -0.59379941E-01
  0.14450000E+01  0.18868617E+00 -0.54572493E-01
  0.14500000E+01  0.19046504E+00 -0.49711323E-01
  0.14550000E+01  0.19212353E+00 -0.44903998E-01
  0.14600000E+01  0.19370391E+00 -0.40212702E-01
  0.14650000E+01  0.19524639E+00 -0.35628495E-01
  0.14700000E+01  0.19676513E+00 -0.31077924E-01
  0.14750000E+01  0.19824023E+00 -0.26457117E-01
  0.14800000E+01  0.19962970E+00 -0.21675930E-01
  0.14850000E+01  0.20089476E+00 -0.16691874E-01
  0.14900000E+01  0.20202384E+00 -0.11520976E-01
  0.14950000E+01  0.20303949E+00 -0.62252288E-02
  0.15000000E+01  0.20398251E+00 -0.88669194E-03
  0.15050000E+01  0.20488381E+00  0.44186884E-02
  0.15100000E+01  0.20574365E+00  0.96388587E-02
  0.15150000E+01  0.20653256E+00  0.14753823E-01
  0.15200000E+01  0.20721231E+00  0.19777886E-01
  0.15250000E+01  0.20776123E+00  0.24759071E-01
  0.15300000E+01  0.20818669E+00  0.29774354E-01
  0.15350000E+01  0.20851863E+00  0.34915798E-01
  0.15400000E+01  0.20879040E+00  0.40264487E-01
  0.15450000E+01  0.20901874E+00  0.45856730E-01
  0.15500000E+01  0.20919306E+00  0.51656045E-01
  0.15550000E+01  0.20927940E+00  0.57548122E-01
  0.15600000E+01  0.20923846E+00  0.63369697E-01
  0.15650000E+01  0.20904910E+00  0.68967074E-01
  0.15700000E+01  0.20872305E+00  0.74262987E-01
  0.15750000E+01  0.20829987E+00  0.79301313E-01
  0.15800000E+01  0.20782375E+00  0.84244546E-01
  0.15850000E+01  0.20731655E+00  0.89318288E-01
  0.15900000E+01  0.20676457E+00  0.94721961E-01
  0.15950000E+01  0.20612705E+00  0.10054297E+00
  0.16000000E+01  0.20535984E+00  0.10671307E+00
  0.16050000E+01  0.20443873E+00  0.11302856E+00
  0.16100000E+01  0.20336965E+00  0.11922791E+00
  0.16150000E+01  0.20218271E+00  0.12509443E+00
  0.16200000E+01  0.20091598E+00  0.13054042E+00
  0.16250000E+01  0.19959728E+00  0.13563786E+00
  0.16300000E+01  0.19823102E+00  0.14058489E+00
  0.16350000E+01  0.19679600E+00  0.14562518E+00
  0.16400000E+01  0.19525658E+00  0.15095576E+00
  0.16450000E+01  0.19358269E+00  0.15666086E+00
  0.16500000E+01  0.19176629E+00  0.16269403E+00
  0.16550000E+01  0.18982346E+00  0.16890857E+00
  0.16600000E+01  0.18778157E+00  0.17511715E+00
  0.16650000E+01  0.18566183E+00  0.18115358E+00
  0.16700000E+01  0.18346832E+00  0.18691532E+00
  0.16750000E+01  0.18118872E+00  0.19237839E+00
  0.16800000E+01  0.17880354E+00  0.19758926E+00
  0.16850000E+01  0.17629756E+00  0.20264469E+00
  0.16900000E+01  0.17366771E+00  0.20766872E+00
  0.16950000E+01  0.17092433E+00  0.21278976E+00
  0.17000000E+01  0.16808555E+00  0.21811607E+00
  0.17050000E+01  0.16516691E+00  0.22370854E+00
  0.17100000E+01  0.16217105E+00  0.22955533E+00
  0.17150000E+01  0.15908369E+00  0.23555921E+00
  0.17200000E+01  0.15588013E+00  0.24154973E+00
  0.17250000E+01  0.15253941E+00  0.24732525E+00
  0.17300000E+01  0.14905721E+00  0.25271694E+00
  0.17350000E+01  0.14544870E+00  0.25765356E+00
  0.17400000E+01  0.14174024E+00  0.26220018E+00
  0.17450000E+01  0.13795600E+00  0.26655070E+00
  0.17500000E+01  0.13410712E+00  0.27097058E+00
  0.17550000E+01  0.13018742E+00  0.27570727E+00
  0.17600000E+01  0.12617638E+00  0.28090058E+00
  0.17650000E+01  0.12204842E+00  0.28652707E+00
  0.17700000E+01  0.11778566E+00  0.29240075E+00
  0.17750000E+01  0.11338827E+00  0.29823031E+00
  0.17800000E+01  0.10887630E+00  0.30371223E+00
  0.17850000E+01  0.10428089E+00  0.30862651E+00
  0.17900000E+01  0.99629242E-01  0.31290249E+00
  0.17950000E+01  0.94931942E-01  0.31663528E+00
  0.18000000E+01  0.90180170E-01  0.32005116E+00
  0.18050000E+01  0.85354615E-01  0.32343678E+00
  0.18100000E+01  0.80439756E-01  0.32705577E+00
  0.18150000E+01  0.75433722E-01  0.33107665E+00
  0.18200000E+01  0.70347541E-01  0.33552966E+00
  0.18250000E+01  0.65195437E-01  0.34030146E+00
  0.18300000E+01  0.59983508E-01  0.34516727E+00
  0.18350000E+01  0.54704146E-01  0.34985219E+00
  0.18400000E+01  0.49339429E-01  0.35410697E+00
  0.18450000E+01  0.43871832E-01  0.35777801E+00
  0.18500000E+01  0.38296885E-01  0.36085127E+00
  0.18550000E+01  0.32630224E-01  0.36345406E+00
  0.18600000E+01  0.26902561E-01  0.36581146E+00
  0.18650000E+01  0.21142609E-01  0.36816967E+00
  0.18700000E+01  0.15357319E-01  0.37071260E+00
  0.18750000E+01  0.95233281E-02  0.37350258E+00
  0.18800000E+01  0.35975368E-02  0.37646769E+00
  0.18850000E+01 -0.24580956E-02  0.37943893E+00
  0.18900000E+01 -0.86524494E-02  0.38221896E+00
  0.18950000E+01 -0.14957029E-01  0.38465106E+00
  0.19000000E+01 -0.21320012E-01  0.38665879E+00
  0.19050000E+01 -0.27695998E-01  0.38824449E+00
  0.19100000E+01 -0.34074235E-01  0.38945673E+00
  0.19150000E+01 -0.40486686E-01  0.39035285E+00
  0.19200000E+01 -0.46988606E-01  0.39098154E+00
  0.19250000E+01 -0.53622246E-01  0.39139381E+00
  0.19300000E+01 -0.60385935E-01  0.39166754E+00
  0.19350000E+01 -0.67227839E-01  0.39191713E+00
  0.19400000E+01 -0.74069330E-01  0.39226516E+00
  0.19450000E+01 -0.80846018E-01  0.39277688E+00
  0.19500000E+01 -0.87542642E-01  0.39338784E+00
  0.19550000E+01 -0.94197843E-01  0.39387092E+00
  0.19600000E+01 -0.10087077E+00  0.39387884E+00
  0.19650000E+01 -0.10758673E+00  0.39306348E+00
  0.19700000E+01 -0.11429494E+00  0.39122903E+00
  0.19750000E+01 -0.12086406E+00  0.38842480E+00
  0.19800000E+01 -0.12711719E+00  0.38485170E+00
  0.19850000E+01 -0.13288760E+00  0.38129591E+00
  0.19900000E+01 -0.13810110E+00  0.37909377E+00
  0.19950000E+01 -0.14390282E+00  0.37843081E+00
  0.20000000E+01 -0.15225956E+00  0.38624424E+00
  0.20050000E+01 -0.16132093E+00  0.39123246E+00
  0.20100000E+01 -0.17094176E+00  0.39525390E+00
  0.20150000E+01 -0.18098231E+00  0.39789102E+00
  0.20200000E+01 -0.19126510E+00  0.39910724E+00
  0.20250000E+01 -0.20164064E+00  0.39899411E+00
  0.20300000E+01 -0.21204119E+00  0.39783386E+00
  0.20350000E+01 -0.22249019E+00  0.39602299E+00
  0.20400000E+01 -0.23305719E+00  0.39375918E+00
  0.20450000E+01 -0.24379300E+00  0.39108557E+00
  0.20500000E+01 -0.25466991E+00  0.38785747E+00
  0.20550000E+01 -0.26557586E+00  0.38390169E+00
  0.20600000E+01 -0.27635014E+00  0.37912630E+00
  0.20650000E+01 -0.28685423E+00  0.37356183E+00
  0.20700000E+01 -0.29701938E+00  0.36732318E+00
  0.20750000E+01 -0.30686058E+00  0.36048450E+00
  0.20800000E+01 -0.31643287E+00  0.35298827E+00
  0.20850000E+01 -0.32576462E+00  0.34462693E+00
  0.20900000E+01 -0.33480313E+00  0.33513069E+00
  0.20950000E+01 -0.34339737E+00  0.32432225E+00
  0.21000000E+01 -0.35133466E+00  0.31224614E+00
  0.21050000E+01 -0.35839598E+00  0.29918381E+00
  0.21100000E+01 -0.36439776E+00  0.28547961E+00
  0.21150000E+01 -0.36919270E+00  0.27122479E+00
  0.21200000E+01 -0.37261380E+00  0.25662809E+00
  0.21250000E+01 -0.37440516E+00  0.24537532E+00
  0.21300000E+01 -0.37432822E+00  0.23765031E+00
  0.21350000E+01 -0.37426015E+00  0.19844787E+00
  0.21400000E+01 -0.39510128E+00  0.27785769E+00
  0.21450000E+01 -0.41763399E+00  0.29862049E+00
  0.21500000E+01 -0.43926060E+00  0.30505663E+00
  0.21550000E+01 -0.45999294E+00  0.30240891E+00
  0.21600000E+01 -0.47987387E+00  0.29563604E+00
  0.21650000E+01 -0.49894240E+00  0.28490389E+00
  0.21700000E+01 -0.51720656E+00  0.27168618E+00
  0.21750000E+01 -0.53463337E+00  0.25598948E+00
  0.21800000E+01 -0.55116948E+00  0.23823062E+00
  0.21850000E+01 -0.56675449E+00  0.21834766E+00
  0.21900000E+01 -0.58134063E+00  0.19651110E+00
  0.21950000E+01 -0.59489430E+00  0.17282813E+00
  0.22000000E+01 -0.60740440E+00  0.14740489E+00
  0.22050000E+01 -0.61887041E+00  0.12032971E+00
  0.22100000E+01 -0.62929787E+00  0.91641082E-01
  0.22150000E+01 -0.63867665E+00  0.61413827E-01
  0.22200000E+01 -0.64696640E+00  0.29778390E-01
  0.22250000E+01 -0.65409772E+00 -0.30857791E-02
  0.22300000E+01 -0.65998361E+00 -0.36967082E-01
  0.22350000E+01 -0.66455115E+00 -0.71637212E-01
  0.22400000E+01 -0.66776631E+00 -0.10686057E+00
  0.22450000E+01 -0.66963061E+00 -0.14246290E+00
  0.22500000E+01 -0.67016283E+00 -0.17846416E+00
  0.22550000E+01 -0.66936725E+00 -0.21513721E+00
  0.22600000E+01 -0.66720241E+00 -0.25285539E+00
  0.22650000E+01 -0.66357842E+00 -0.29180038E+00
  0.22700000E+01 -0.65838191E+00 -0.33180262E+00
  0.22750000E+01 -0.65151260E+00 -0.37248926E+00
  0.22800000E+01 -0.64291501E+00 -0.41355621E+00
  0.22850000E+01 -0.63258049E+00 -0.45482214E+00
  0.22900000E+01 -0.62051933E+00 -0.49605085E+00
  0.22950000E+01 -0.60673725E+00 -0.53690737E+00
  0.23000000E+01 -0.59121254E+00 -0.57722552E+00
  0.23050000E+01 -0.57388200E+00 -0.61720805E+00
  0.23100000E+01 -0.55464529E+00 -0.65711555E+00
  0.23150000E+01 -0.53340050E+00 -0.69675154E+00
  0.23200000E+01 -0.51008907E+00 -0.73559811E+00
  0.23250000E+01 -0.48472822E+00 -0.77351276E+00
  0.23300000E+01 -0.45736346E+00 -0.81072278E+00
  0.23350000E+01 -0.42804341E+00 -0.84700031E+00
  0.23400000E+01 -0.39680693E+00 -0.88160418E+00
  0.23450000E+01 -0.36366672E+00 -0.91414362E+00
  0.23500000E+01 -0.32863696E+00 -0.94452155E+00
  0.23550000E+01 -0.29173880E+00 -0.97240826E+00
  0.23600000E+01 -0.25333589E+00 -0.99818554E+00
  0.23650000E+01 -0.21468476E+00 -0.10122151E+01
  0.23700000E+01 -0.17542818E+00 -0.10252145E+01
  0.23750000E+01 -0.13579585E+00 -0.10333955E+01
  0.23800000E+01 -0.96339795E-01 -0.10357889E+01
  0.23850000E+01 -0.57743023E-01 -0.10320977E+01
  0.23900000E+01 -0.20898234E-01 -0.10211945E+01
  0.23950000E+01  0.12761226E-01 -0.99883487E+00
  0.24000000E+01  0.40659889E-01 -0.95727496E+00
  0.24050000E+01  0.57642288E-01 -0.88843799E+00
  0.24100000E+01  0.50472662E-01 -0.81405730E+00
  0.24150000E+01 -0.32669291E-01 -0.62989688E+00
  0.24200000E+01 -0.51544641E+00  0.11371998E+00
  0.24250000E+01 -0.22818502E+00 -0.21467721E+01
  0.24300000E+01  0.14685096E+00 -0.92408121E+00
  0.24350000E+01  0.15185576E+00 -0.18562723E+01
  0.24400000E+01  0.40522742E+00 -0.17807993E+01
  0.24450000E+01  0.60226915E+00 -0.16975127E+01
  0.24500000E+01  0.79189671E+00 -0.16662495E+01
  0.24550000E+01  0.85471841E+00 -0.11843307E+01
  0.24600000E+01  0.93679525E+00 -0.11623619E+01
  0.24650000E+01  0.86825480E+00 -0.86251059E+00
  0.24700000E+01  0.79243902E+00 -0.48080418E+00
  0.24750000E+01  0.99655681E+00 -0.16262306E+01
  0.24800000E+01  0.11456616E+01 -0.80047638E+00
  0.24850000E+01  0.94019423E+00 -0.57135025E-01
  0.24900000E+01  0.74773545E+00 -0.70247156E-01
  0.24950000E+01  0.67504360E+00 -0.15542169E+00
  0.25000000E+01  0.69347662E+00 -0.41502746E+00
  0.25050000E+01  0.72078283E+00 -0.37226452E-01
  0.25100000E+01  0.68294750E+00 -0.11420695E+00
  0.25150000E+01  0.65354990E+00  0.12010809E-01
  0.25200000E+01  0.58357724E+00  0.11965974E+00
  0.25250000E+01  0.50061520E+00  0.14551480E+00
  0.25300000E+01  0.44873056E+00  0.39620935E-01
  0.25350000E+01  0.44330245E+00 -0.32862636E-02
  0.25400000E+01  0.44126980E+00 -0.78667143E-03
  0.25450000E+01  0.43191401E+00  0.16647834E-01
  0.25500000E+01  0.40723933E+00  0.41463971E-01
  0.25550000E+01  0.34246074E+00  0.83869372E-01
  0.25600000E+01  0.31934674E+00  0.12799405E+00
  0.25650000E+01  0.33339162E+00 -0.65671861E-02
  0.25700000E+01  0.34649221E+00 -0.69548128E-01
  0.25750000E+01  0.35304056E+00 -0.32644207E-01
  0.25800000E+01  0.35706788E+00 -0.22978325E-01
  0.25850000E+01  0.35936967E+00 -0.95547678E-02
  0.25900000E+01  0.36026214E+00  0.62846575E-02
  0.25950000E+01  0.35994088E+00  0.20835976E-01
  0.26000000E+01  0.35855723E+00  0.36798432E-01
  0.26050000E+01  0.35620315E+00  0.52032574E-01
  0.26100000E+01  0.35292900E+00  0.66905377E-01
  0.26150000E+01  0.34878820E+00  0.81596061E-01
  0.26200000E+01  0.34383453E+00  0.95925039E-01
  0.26250000E+01  0.33813924E+00  0.10956539E+00
  0.26300000E+01  0.33180827E+00  0.12219895E+00
  0.26350000E+01  0.32494540E+00  0.13375437E+00
  0.26400000E+01  0.31761939E+00  0.14428466E+00
  0.26450000E+01  0.30988089E+00  0.15381448E+00
  0.26500000E+01  0.30177208E+00  0.16232033E+00
  0.26550000E+01  0.29333448E+00  0.16975747E+00
  0.26600000E+01  0.28463192E+00  0.17606930E+00
  0.26650000E+01  0.27576152E+00  0.18118702E+00
  0.26700000E+01  0.26680894E+00  0.18504353E+00
  0.26750000E+01  0.25783872E+00  0.18758752E+00
  0.26800000E+01  0.24890867E+00  0.18877492E+00
  0.26850000E+01  0.24008062E+00  0.18854676E+00
  0.26900000E+01  0.23142167E+00  0.18680691E+00
  0.26950000E+01  0.22303564E+00  0.18338866E+00
  0.27000000E+01  0.21509504E+00  0.17799237E+00
  0.27050000E+01  0.20785529E+00  0.17009154E+00
  0.27100000E+01  0.20172150E+00  0.15871613E+00
  0.27150000E+01  0.19749239E+00  0.14119982E+00
  0.27200000E+01  0.19741704E+00  0.11311260E+00
  0.27250000E+01  0.21524765E+00  0.33653064E-01
  0.27300000E+01  0.24621372E+00  0.43511012E-01
  0.27350000E+01  0.26353758E+00  0.60864524E-01
  0.27400000E+01  0.27766772E+00  0.84362419E-01
  0.27450000E+01  0.29932405E+00  0.44044141E-01
  0.27500000E+01  0.27041473E+00  0.19492237E+00
  0.27550000E+01  0.25672738E+00  0.20385251E+00
  0.27600000E+01  0.24670110E+00  0.21267598E+00
  0.27650000E+01  0.23796246E+00  0.21878956E+00
  0.27700000E+01  0.22980491E+00  0.22619348E+00
  0.27750000E+01  0.22195085E+00  0.23289081E+00
  0.27800000E+01  0.21427713E+00  0.23950654E+00
  0.27850000E+01  0.20672068E+00  0.24555453E+00
  0.27900000E+01  0.19923996E+00  0.25138279E+00
  0.27950000E+01  0.19195748E+00  0.25590660E+00
  0.28000000E+01  0.18510608E+00  0.25899332E+00
  0.28050000E+01  0.17840648E+00  0.26187200E+00
  0.28100000E+01  0.17188593E+00  0.26427952E+00
  0.28150000E+01  0.16558153E+00  0.26621927E+00
  0.28200000E+01  0.15953891E+00  0.26760168E+00
  0.28250000E+01  0.15383996E+00  0.26819663E+00
  0.28300000E+01  0.14860508E+00  0.26777811E+00
  0.28350000E+01  0.14395955E+00  0.26632330E+00
  0.28400000E+01  0.13989073E+00  0.26313180E+00
  0.28450000E+01  0.13572157E+00  0.26398313E+00
  0.28500000E+01  0.13261811E+00  0.26023081E+00
  0.28550000E+01  0.13073640E+00  0.25380484E+00
  0.28600000E+01  0.13046423E+00  0.24469979E+00
  0.28650000E+01  0.13247027E+00  0.23151936E+00
  0.28700000E+01  0.13793228E+00  0.21187170E+00
  0.28750000E+01  0.14885570E+00  0.19538708E+00
  0.28800000E+01  0.16768341E+00  0.18349673E+00
  0.28850000E+01  0.16895863E+00  0.23901131E+00
  0.28900000E+01  0.11652633E+00  0.36744051E+00
  0.28950000E+01  0.76924270E-01  0.40502992E+00
  0.29000000E+01  0.48632433E-01  0.42097604E+00
  0.29050000E+01  0.27676868E-01  0.43418713E+00
  0.29100000E+01  0.94635184E-02  0.44869631E+00
  0.29150000E+01 -0.84026382E-02  0.45909002E+00
  0.29200000E+01 -0.26379167E-01  0.46680837E+00
  0.29250000E+01 -0.44251778E-01  0.47042911E+00
  0.29300000E+01 -0.61764074E-01  0.47100353E+00
  0.29350000E+01 -0.78695684E-01  0.46879469E+00
  0.29400000E+01 -0.94943714E-01  0.46453023E+00
  0.29450000E+01 -0.11043179E+00  0.45884064E+00
  0.29500000E+01 -0.12513026E+00  0.45212419E+00
  0.29550000E+01 -0.13904687E+00  0.44466708E+00
  0.29600000E+01 -0.15217431E+00  0.43646191E+00
  0.29650000E+01 -0.16452555E+00  0.42730731E+00
  0.29700000E+01 -0.17607998E+00  0.41710492E+00
  0.29750000E+01 -0.18681499E+00  0.40585018E+00
  0.29800000E+01 -0.19672905E+00  0.39377422E+00
  0.29850000E+01 -0.20579626E+00  0.38122967E+00
  0.29900000E+01 -0.21401315E+00  0.36859987E+00
  0.29950000E+01 -0.22135429E+00  0.35600911E+00
  0.30000000E+01 -0.22775734E+00  0.34351348E+00
  0.30050000E+01 -0.23307733E+00  0.33104367E+00
  0.30100000E+01 -0.23694109E+00  0.31813429E+00
  0.30150000E+01 -0.23820576E+00  0.30509530E+00
  0.30200000E+01 -0.23169518E+00  0.29590072E+00
  0.30250000E+01 -0.24788083E+00  0.52742705E+00
  0.30300000E+01 -0.29868701E+00  0.29993376E+00
  0.30350000E+01 -0.31065707E+00  0.26069608E+00
  0.30400000E+01 -0.31506831E+00  0.22381390E+00
  0.30450000E+01 -0.31610151E+00  0.19131077E+00
  0.30500000E+01 -0.31504403E+00  0.16304094E+00
  0.30550000E+01 -0.31244045E+00  0.13755211E+00
  0.30600000E+01 -0.30851126E+00  0.11410775E+00
  0.30650000E+01 -0.30342702E+00  0.92268351E-01
  0.30700000E+01 -0.29724246E+00  0.71705711E-01
  0.30750000E+01 -0.29000279E+00  0.52288134E-01
  0.30800000E+01 -0.28167711E+00  0.34418190E-01
  0.30850000E+01 -0.27225030E+00  0.18429301E-01
  0.30900000E+01 -0.26194491E+00 -0.35684140E-02
  0.30950000E+01 -0.25601506E+00  0.45761788E-02
  0.31000000E+01 -0.25224727E+00  0.29961043E-02
  0.31050000E+01 -0.24820559E+00 -0.55559916E-03
  0.31100000E+01 -0.24398127E+00 -0.48895150E-02
  0.31150000E+01 -0.23972902E+00 -0.10402141E-01
  0.31200000E+01 -0.23563196E+00 -0.16677011E-01
  0.31250000E+01 -0.23263749E+00 -0.13114923E-01
  0.31300000E+01 -0.23012089E+00 -0.11359350E-01
  0.31350000E+01 -0.22807525E+00 -0.98718371E-02
  0.31400000E+01 -0.22648012E+00 -0.82320211E-02
  0.31450000E+01 -0.22548683E+00 -0.57460012E-02
  0.31500000E+01 -0.22519367E+00 -0.26253352E-02
  0.31550000E+01 -0.22574301E+00  0.13912593E-02
  0.31600000E+01 -0.22721421E+00  0.62220425E-02
  0.31650000E+01 -0.22970173E+00  0.12347301E-01
  0.31700000E+01 -0.23329103E+00  0.20414117E-01
  0.31750000E+01 -0.23815507E+00  0.31406559E-01
  0.31800000E+01 -0.24485864E+00  0.47619041E-01
  0.31850000E+01 -0.25480182E+00  0.72571919E-01
  0.31900000E+01 -0.27080285E+00  0.10447154E+00
  0.31950000E+01 -0.29663414E+00  0.13446000E+00
  0.32000000E+01 -0.33309222E+00  0.15447550E+00
  0.32050000E+01 -0.37228382E+00  0.17176980E+00
  0.32100000E+01 -0.42769668E+00  0.18573821E+00
  0.32150000E+01 -0.54403047E+00  0.20326161E+00
  0.32200000E+01 -0.51572539E+00 -0.37828053E+00
  0.32250000E+01 -0.53437709E+00 -0.30995621E+00
  0.32300000E+01 -0.45966289E+00 -0.37715764E+00
  0.32350000E+01 -0.41251329E+00 -0.25008802E+00
  0.32400000E+01 -0.38757929E+00 -0.22948898E+00
  0.32450000E+01 -0.36972526E+00 -0.24482418E+00
  0.32500000E+01 -0.36394500E+00 -0.27207268E+00
  0.32550000E+01 -0.35108006E+00 -0.28479367E+00
  0.32600000E+01 -0.33845144E+00 -0.29225683E+00
  0.32650000E+01 -0.32648285E+00 -0.30230392E+00
  0.32700000E+01 -0.31520278E+00 -0.31485990E+00
  0.32750000E+01 -0.30461846E+00 -0.32973089E+00
  0.32800000E+01 -0.29460942E+00 -0.34005117E+00
  0.32850000E+01 -0.28537255E+00 -0.32500604E+00
  0.32900000E+01 -0.27755472E+00 -0.25787037E+00
  0.32950000E+01 -0.27319032E+00 -0.16699552E+00
  0.33000000E+01 -0.28171077E+00 -0.16463559E+00
  0.33050000E+01 -0.22667684E+00 -0.13146266E+01
  0.33100000E+01 -0.26063142E+00 -0.18595644E+01
  0.33150000E+01 -0.17753005E+00 -0.18885037E+00
  0.33200000E+01  0.28224959E+00  0.75789721E+00
  0.33250000E+01 -0.37565586E+00 -0.33093426E+00
  0.33300000E+01 -0.35438036E+00 -0.59772137E+00
  0.33350000E+01 -0.28862120E+00 -0.64247399E+00
  0.33400000E+01 -0.23130755E+00 -0.64180531E+00
  0.33450000E+01 -0.22941762E+00 -0.59946329E+00
  0.33500000E+01 -0.25228502E+00 -0.73615457E+00
  0.33550000E+01 -0.13419690E+00 -0.81205591E+00
  0.33600000E+01 -0.55571518E-01 -0.72091630E+00
  0.33650000E+01 -0.20934467E-01 -0.76006139E+00
  0.33700000E+01  0.26351659E-01 -0.88548217E+00
  0.33750000E+01  0.91813265E-01 -0.58505320E+00
  0.33800000E+01  0.11977113E+00 -0.56262936E+00
  0.33850000E+01  0.10371741E+00 -0.42890076E+00
  0.33900000E+01  0.11936381E+00 -0.50267884E+00
  0.33950000E+01  0.98240976E-01 -0.53089292E+00
  0.34000000E+01  0.11337418E+00 -0.59934212E+00
  0.34050000E+01  0.13358109E+00 -0.60606842E+00
  0.34100000E+01  0.15470396E+00 -0.62905107E+00
  0.34150000E+01  0.17663930E+00 -0.61919356E+00
  0.34200000E+01  0.19401714E+00 -0.59294591E+00
  0.34250000E+01  0.21635300E+00 -0.59040819E+00
  0.34300000E+01  0.23229228E+00 -0.56593267E+00
  0.34350000E+01  0.24651082E+00 -0.53818700E+00
  0.34400000E+01  0.25622324E+00 -0.49927046E+00
  0.34450000E+01  0.27325160E+00 -0.53220617E+00
  0.34500000E+01  0.28056517E+00 -0.50899740E+00
  0.34550000E+01  0.30018239E+00 -0.51147431E+00
  0.34600000E+01  0.30446997E+00 -0.44462826E+00
  0.34650000E+01  0.31011430E+00 -0.49498183E+00
  0.34700000E+01  0.32052865E+00 -0.47301669E+00
  0.34750000E+01  0.32674888E+00 -0.42188629E+00
  0.34800000E+01  0.33037717E+00 -0.37530778E+00
  0.34850000E+01  0.34967131E+00 -0.57457930E+00
  0.34900000E+01  0.38936260E+00 -0.56214738E+00
  0.34950000E+01  0.40982815E+00 -0.52786413E+00
  0.35000000E+01  0.43066963E+00 -0.52062915E+00
  0.35050000E+01  0.45000394E+00 -0.52410485E+00
  0.35100000E+01  0.47241073E+00 -0.51986036E+00
  0.35150000E+01  0.47450468E+00 -0.43043086E+00
  0.35200000E+01  0.48470527E+00 -0.42598729E+00
  0.35250000E+01  0.49509602E+00 -0.41755947E+00
  0.35300000E+01  0.50620466E+00 -0.41327400E+00
  0.35350000E+01  0.51787335E+00 -0.41072592E+00
  0.35400000E+01  0.53020010E+00 -0.40786898E+00
  0.35450000E+01  0.54334111E+00 -0.40635775E+00
  0.35500000E+01  0.55740382E+00 -0.40594596E+00
  0.35550000E+01  0.57255105E+00 -0.40677791E+00
  0.35600000E+01  0.58911061E+00 -0.41087240E+00
  0.35650000E+01  0.60780973E+00 -0.42254497E+00
  0.35700000E+01  0.63036230E+00 -0.45376159E+00
  0.35750000E+01  0.66378930E+00 -0.55951865E+00
  0.35800000E+01  0.91584123E+00 -0.12574962E+01
  0.35850000E+01  0.10140960E+01  0.39394083E+00
  0.35900000E+01  0.91181836E+00  0.25137290E+00
  0.35950000E+01  0.72127764E+00  0.39943418E+00
  0.36000000E+01  0.88880548E+00  0.39195490E-01
  0.36050000E+01  0.90581444E+00  0.82348795E+00
  0.36100000E+01  0.48568740E+00  0.52110191E+00
  0.36150000E+01  0.47703575E+00 -0.55197602E+00
  0.36200000E+01  0.63464780E+00  0.11512664E+00
  0.36250000E+01  0.65249659E+00  0.91998388E-01
  0.36300000E+01  0.67121805E+00  0.67124186E-01
  0.36350000E+01  0.70213107E+00  0.50597362E-01
  0.36400000E+01  0.75152330E+00  0.63010738E-01
  0.36450000E+01  0.75961474E+00  0.21076460E+00
  0.36500000E+01  0.72830432E+00  0.28542728E+00
  0.36550000E+01  0.59236857E+00  0.56353344E-01
  0.36600000E+01  0.62478822E+00  0.58707627E+00
  0.36650000E+01  0.44082155E+00  0.36669780E+00
  0.36700000E+01  0.36980278E+00  0.31278690E+00
  0.36750000E+01  0.50267558E+00  0.34446014E+00
  0.36800000E+01  0.52780455E+00  0.44333981E+00
  0.36850000E+01  0.52146486E+00  0.51275014E+00
  0.36900000E+01  0.50818480E+00  0.55012164E+00
  0.36950000E+01  0.49037147E+00  0.59564729E+00
  0.37000000E+01  0.50363544E+00  0.47874100E+00
  0.37050000E+01  0.51322708E+00  0.57915501E+00
  0.37100000E+01  0.49396262E+00  0.65793660E+00
  0.37150000E+01  0.46466390E+00  0.73336334E+00
  0.37200000E+01  0.42650125E+00  0.81217126E+00
  0.37250000E+01  0.38513801E+00  0.85572579E+00
  0.37300000E+01  0.27221614E+00  0.90261081E+00
  0.37350000E+01  0.25159154E+00  0.48220745E+00
  0.37400000E+01  0.19815595E+00  0.15991741E+01
  0.37450000E+01 -0.34173852E+00  0.10194475E+01
  0.37500000E+01 -0.54302675E+00  0.64170732E+00
  0.37550000E+01 -0.51612564E+00 -0.65052890E-01
  0.37600000E+01 -0.27567591E+00  0.11136824E+00
  0.37650000E+01 -0.10423842E+00  0.44981409E+00
  0.37700000E+01 -0.65595937E-01  0.75759311E+00
  0.37750000E+01 -0.97934515E-01  0.10076572E+01
  0.37800000E+01 -0.27640043E+00  0.12942382E+01
  0.37850000E+01 -0.10666512E+01  0.15660762E+01
  0.37900000E+01 -0.36828581E+00 -0.67790584E+00
  0.37950000E+01  0.49419298E+00  0.14113107E+01
  0.38000000E+01  0.13530655E+00  0.31922133E+00
  0.38050000E+01  0.13034410E+00  0.51522247E+00
  0.38100000E+01  0.88447527E-01  0.62132997E+00
  0.38150000E+01  0.25017177E-01  0.81183818E+00
  0.38200000E+01 -0.28446431E-01  0.65891034E+00
  0.38250000E+01 -0.12007073E+00  0.83102497E+00
  0.38300000E+01 -0.21000087E+00  0.66023553E+00
  0.38350000E+01 -0.42510381E+00  0.68361743E+00
  0.38400000E+01 -0.63643365E+00  0.33458743E+00
  0.38450000E+01 -0.10235069E+01  0.41393899E+01
  0.38500000E+01 -0.66455032E+00 -0.45718253E+00
  0.38550000E+01 -0.55898047E+00  0.61501930E-02
  0.38600000E+01 -0.60026452E+00  0.10042092E+00
  0.38650000E+01 -0.65569639E+00 -0.12166097E+00
  0.38700000E+01 -0.61354929E+00  0.10906555E-01
  0.38750000E+01 -0.47753567E+00 -0.68667230E+00
  0.38800000E+01 -0.40831936E+00 -0.30803507E+00
  0.38850000E+01 -0.41969457E+00 -0.41233686E+00
  0.38900000E+01  0.25446246E-01 -0.12800816E+01
  0.38950000E+01  0.31528369E+00 -0.15471815E+01
  0.39000000E+01  0.21952483E+00  0.13476250E+00
  0.39050000E+01  0.20323054E+00 -0.48988557E+00
  0.39100000E+01  0.36701681E+00 -0.91881951E+00
  0.39150000E+01  0.46572664E+00 -0.45276513E+00
  0.39200000E+01  0.31688383E+00  0.16658170E+00
  0.39250000E+01 -0.11326753E+00  0.10878357E+01
  0.39300000E+01 -0.11442810E+01  0.11136527E+01
  0.39350000E+01 -0.19864037E+01 -0.64261586E+01
  0.39400000E+01  0.15277593E+01 -0.21510065E+01
  0.39450000E+01  0.18158473E+01 -0.70451185E+00
  0.39500000E+01  0.97058546E+00 -0.84725450E+00
  0.39550000E+01  0.97907387E+00 -0.28905812E+00
  0.39600000E+01  0.91293466E+00 -0.13778563E+00
  0.39650000E+01  0.87737635E+00 -0.29683946E-01
  0.39700000E+01  0.84297081E+00  0.15117644E+00
  0.39750000E+01  0.81576682E+00  0.30645387E+00
  0.39800000E+01  0.79710167E+00  0.23174986E+00
  0.39850000E+01  0.79708979E+00  0.39079993E+00
  0.39900000E+01  0.77693373E+00  0.62291543E+00
  0.39950000E+01  0.73477105E+00  0.78858429E+00
  0.40000000E+01  0.66085056E+00  0.99604976E+00
  0.40050000E+01  0.55625927E+00  0.10717435E+01
  0.40100000E+01  0.49694532E+00  0.97533033E+00
  0.40150000E+01  0.46252349E+00  0.99329956E+00
  0.40200000E+01  0.41982540E+00  0.10572300E+01
  0.40250000E+01  0.35468948E+00  0.11663650E+01
  0.40300000E+01  0.26109656E+00  0.11854080E+01
  0.40350000E+01  0.18865505E+00  0.11279052E+01
  0.40400000E+01  0.10636688E+00  0.10769030E+01
  0.40450000E+01  0.21597311E-01  0.10194181E+01
  0.40500000E+01 -0.99926392E-01  0.94486778E+00
  0.40550000E+01 -0.25228452E+00 -0.48218472E+00
  0.40600000E+01  0.77033316E-01  0.10457799E+01
  0.40650000E+01  0.53909703E-01  0.73274558E+00
  0.40700000E+01  0.29970017E-01  0.77143803E+00
  0.40750000E+01  0.46682246E-01  0.79297358E+00
  0.40800000E+01  0.33812897E-02  0.80611795E+00
  0.40850000E+01 -0.28577929E-01  0.86089099E+00
  0.40900000E+01 -0.76109910E-01  0.91482336E+00
  0.40950000E+01 -0.13267266E+00  0.95973731E+00
  0.41000000E+01 -0.20961855E+00  0.10453473E+01
  0.41050000E+01 -0.30160874E+00  0.10161776E+01
  0.41100000E+01 -0.39328507E+00  0.88489460E+00
  0.41150000E+01 -0.45620632E+00  0.75772373E+00
  0.41200000E+01 -0.47800765E+00  0.70755114E+00
  0.41250000E+01 -0.45315508E+00  0.62639218E+00
  0.41300000E+01 -0.41096059E+00  0.60306555E+00
  0.41350000E+01 -0.38893531E+00  0.66085308E+00
  0.41400000E+01 -0.39468886E+00  0.74893219E+00
  0.41450000E+01 -0.47833463E+00  0.96782383E+00
  0.41500000E+01 -0.89883763E+00  0.11046039E+01
  0.41550000E+01 -0.58728137E+00  0.11813089E+00
  0.41600000E+01 -0.41253885E+00  0.70053570E+00
  0.41650000E+01 -0.60580518E+00  0.30584996E+00
  0.41700000E+01 -0.40814378E+00  0.71815135E+00
  0.41750000E+01 -0.49674328E+00  0.77685642E+00
  0.41800000E+01 -0.62199776E+00  0.86446871E+00
  0.41850000E+01 -0.87403774E+00  0.74918881E+00
  0.41900000E+01 -0.11042488E+01  0.16884804E+00
  0.41950000E+01 -0.96707710E+00 -0.21337823E+00
  0.42000000E+01 -0.68933248E+00 -0.58774516E-01
  0.42050000E+01 -0.68867139E+00  0.48207060E-01
  0.42100000E+01 -0.65285054E+00  0.14429178E+00
  0.42150000E+01 -0.74490164E+00  0.26657219E+00
  0.42200000E+01 -0.62171819E+00  0.23323088E+00
  0.42250000E+01 -0.72488061E+00  0.31632248E+00
  0.42300000E+01 -0.72305739E+00  0.16330778E+00
  0.42350000E+01 -0.67286575E+00  0.13772933E+00
  0.42400000E+01 -0.76521917E+00 -0.46487871E-01
  0.42450000E+01 -0.82990794E+00  0.47428273E+00
  0.42500000E+01 -0.10217242E+01  0.55815116E+00
  0.42550000E+01 -0.13540149E+01  0.67777486E+00
  0.42600000E+01 -0.19072197E+01  0.64422270E+00
  0.42650000E+01 -0.29718425E+01 -0.47852088E+00
  0.42700000E+01 -0.45365576E+01 -0.40377539E+01
  0.42750000E+01  0.15611002E+01 -0.19502915E+01
  0.42800000E+01  0.77392654E+00  0.41319583E-01
  0.42850000E+01  0.67192782E-01  0.52882156E+00
  0.42900000E+01 -0.24270190E+00 -0.74258133E+00
  0.42950000E+01 -0.22985060E+00 -0.98766217E+00
  0.43000000E+01 -0.16790020E+00 -0.10214065E+01
  0.43050000E+01 -0.11290953E+00 -0.10257545E+01
  0.43100000E+01 -0.41132703E-01 -0.10325998E+01
  0.43150000E+01  0.73153960E-01 -0.10349337E+01
  0.43200000E+01  0.30507412E+00 -0.73530682E+00
  0.43250000E+01  0.18185413E+00  0.33809617E+00
  0.43300000E+01 -0.55334115E-01 -0.60887078E-01
  0.43350000E+01 -0.20168229E+00 -0.17400489E+00
  0.43400000E+01 -0.25337202E+00 -0.40195471E+00
  0.43450000E+01 -0.27687632E+00 -0.47666109E+00
  0.43500000E+01 -0.28840213E+00 -0.56186368E+00
  0.43550000E+01 -0.28223243E+00 -0.66445411E+00
  0.43600000E+01 -0.25947267E+00 -0.71639133E+00
  0.43650000E+01 -0.22648760E+00 -0.77245929E+00
  0.43700000E+01 -0.17540974E+00 -0.82230606E+00
  0.43750000E+01 -0.82304254E-01 -0.86991431E+00
  0.43800000E+01  0.82084843E-02 -0.27229150E-01
  0.43850000E+01 -0.14306358E+00 -0.67541189E+00
  0.43900000E+01 -0.15221638E+00 -0.61245135E+00
  0.43950000E+01 -0.15039938E+00 -0.62917921E+00
  0.44000000E+01 -0.13216590E+00 -0.69875952E+00
  0.44050000E+01 -0.49485316E-01 -0.68867111E+00
  0.44100000E+01 -0.62341193E-01 -0.68343704E+00
  0.44150000E+01 -0.61746418E-01 -0.72533897E+00
  0.44200000E+01 -0.38503486E-01 -0.73356028E+00
  0.44250000E+01  0.10472060E-01 -0.75392845E+00
  0.44300000E+01  0.87293843E-01 -0.73126061E+00
  0.44350000E+01  0.26705363E+00 -0.30139501E+00
  0.44400000E+01 -0.76924613E-01 -0.40458330E+00
  0.44450000E+01 -0.21379900E+00 -0.36909982E+00
  0.44500000E+01  0.17553496E-01 -0.97115364E+00
  0.44550000E+01  0.14501045E+00 -0.96956752E+00
  0.44600000E+01  0.14806908E+00 -0.69819241E+00
  0.44650000E+01  0.13889656E+00 -0.64308383E+00
  0.44700000E+01  0.12297137E+00 -0.60586330E+00
  0.44750000E+01  0.10456139E+00 -0.59412703E+00
  0.44800000E+01  0.59138530E-01 -0.61405633E+00
  0.44850000E+01  0.81575723E-01 -0.68246145E+00
  0.44900000E+01  0.77679681E-01 -0.64097574E+00
  0.44950000E+01  0.71276598E-01 -0.66531747E+00
  0.45000000E+01  0.66244130E-01 -0.80573634E+00
  0.45050000E+01  0.75206135E-01 -0.49071414E+00
  0.45100000E+01  0.43308401E+00 -0.17218674E+01
  0.45150000E+01  0.64627498E+00 -0.16541833E+01
  0.45200000E+01  0.75658681E+00 -0.13743772E+01
  0.45250000E+01  0.79148896E+00 -0.11273788E+01
  0.45300000E+01  0.74986962E+00 -0.82814409E+00
  0.45350000E+01  0.68482409E+00 -0.76110295E+00
  0.45400000E+01  0.72661065E+00 -0.10567129E+01
  0.45450000E+01  0.82870543E+00 -0.33363436E+00
  0.45500000E+01  0.80941997E+00 -0.66368780E+00
  0.45550000E+01  0.79328573E+00 -0.47432836E+00
  0.45600000E+01  0.74901795E+00 -0.40411430E+00
  0.45650000E+01  0.71153825E+00 -0.42937400E+00
  0.45700000E+01  0.68300576E+00 -0.36041109E+00
  0.45750000E+01  0.60135578E+00 -0.22814279E+00
  0.45800000E+01  0.54515847E+00 -0.18656448E+00
  0.45850000E+01  0.55826961E+00 -0.27677352E+00
  0.45900000E+01  0.57281259E+00 -0.12217010E+00
  0.45950000E+01  0.17987350E+00  0.41525384E-01
  0.46000000E+01  0.61251498E+00 -0.23358201E+01
  0.46050000E+01  0.23978419E+01  0.29135214E+00
  0.46100000E+01  0.15377096E+01  0.27289032E+01
  0.46150000E+01  0.58008288E+00  0.13262123E+01
  0.46200000E+01  0.18161718E+00  0.93835770E-01
  0.46250000E+01  0.21738270E+00 -0.13935393E+00
  0.46300000E+01  0.34776298E-01 -0.33987166E+00
  0.46350000E+01 -0.39946392E-01 -0.11006122E+01
  0.46400000E+01  0.95123330E-02 -0.18778121E+01
  0.46450000E+01  0.56553714E+00 -0.17389829E+01
  0.46500000E+01  0.30973398E+00 -0.11659275E+01
  0.46550000E+01  0.61768238E-01 -0.14041963E+01
  0.46600000E+01  0.11734854E+00 -0.30575337E+01
  0.46650000E+01  0.58709178E+00 -0.29007705E+01
  0.46700000E+01  0.10559534E+01 -0.37581201E+01
  0.46750000E+01  0.15626502E+01 -0.32605613E+01
  0.46800000E+01  0.23174601E+01 -0.25118045E+01
  0.46850000E+01  0.10970735E+01 -0.78357681E+01
  0.46900000E+01  0.78509667E+01 -0.75787656E+01
  0.46950000E+01  0.18164609E+01  0.99220272E+01
  0.47000000E+01 -0.17307790E+00  0.38978968E+01
  0.47050000E+01  0.12553738E+01  0.53414736E+01
  0.47100000E+01  0.19851901E+01  0.14638803E+01
  0.47150000E+01 -0.34187285E+00  0.29388624E+01
  0.47200000E+01  0.33079121E+00  0.31925195E+01
  0.47250000E+01 -0.27228014E+00  0.24584884E+01
  0.47300000E+01 -0.48716393E+00  0.19050117E+01
  0.47350000E+01 -0.15863152E+00  0.79532249E+00
  0.47400000E+01  0.63613066E-01 -0.55568294E+00
  0.47450000E+01 -0.14320789E+01  0.15890546E+01
  0.47500000E+01  0.73239200E+00 -0.12698827E+01
  0.47550000E+01  0.45041415E+00  0.70060011E-01
  0.47600000E+01  0.59337233E+00  0.33582178E+00
  0.47650000E+01  0.63028477E+00  0.73762201E+00
  0.47700000E+01 -0.24028764E+00  0.49108688E+00
  0.47750000E+01  0.54648366E+00  0.23450018E+00
  0.47800000E+01  0.73599362E+00  0.51264060E+00
  0.47850000E+01  0.93041371E+00  0.86833717E+00
  0.47900000E+01  0.87957301E+00  0.11205472E+01
  0.47950000E+01  0.40164294E+00  0.20686756E+01
  0.48000000E+01  0.50931386E-01  0.20447322E+01
  0.48050000E+01 -0.17027199E+00  0.19260257E+01
  0.48100000E+01 -0.31736238E+00  0.95873678E+00
  0.48150000E+01 -0.17886917E+00  0.11602915E+01
  0.48200000E+01 -0.40699104E+00  0.13954529E+01
  0.48250000E+01 -0.52570711E+00  0.64838517E+00
  0.48300000E+01 -0.50236288E+00 -0.37691134E+00
  0.48350000E+01 -0.11057186E+00 -0.12597451E+01
  0.48400000E+01  0.11939892E+01 -0.25529843E+01
  0.48450000E+01  0.88178700E+00 -0.36244956E+00
  0.48500000E+01  0.88251794E+00 -0.79963464E+00
  0.48550000E+01  0.97992362E+00 -0.14813760E+01
  0.48600000E+01  0.21787629E+01 -0.37540242E+01
  0.48650000E+01  0.23872517E+01 -0.29748284E+01
  0.48700000E+01  0.43841009E+01 -0.64001192E+00
  0.48750000E+01  0.33278281E+01  0.15450270E+01
  0.48800000E+01  0.30629178E+01  0.54781290E-01
  0.48850000E+01  0.35252111E+01  0.22323819E+01
  0.48900000E+01  0.33562403E+01  0.36698166E+01
  0.48950000E+01  0.23027986E+01  0.66680780E+01
  0.49000000E+01  0.93612080E+00  0.48810920E+01
  0.49050000E+01 -0.70477927E-01  0.51089316E+01
  0.49100000E+01 -0.18650292E+00  0.42473165E+01
  0.49150000E+01 -0.77294017E+00  0.45831149E+01
  0.49200000E+01 -0.13538399E+01  0.24549555E+01
  0.49250000E+01 -0.10450850E+01  0.37090174E+01
  0.49300000E+01 -0.13437512E+01  0.23292187E+01
  0.49350000E+01 -0.13532339E+01  0.17350870E+01
  0.49400000E+01 -0.12762815E+01  0.14532560E+01
  0.49450000E+01 -0.11437621E+01  0.13626425E+01
  0.49500000E+01 -0.13957382E+01  0.17071620E+01
  0.49550000E+01 -0.99387041E+00  0.17390444E+00
  0.49600000E+01 -0.75157244E+00 -0.31734329E-01
  0.49650000E+01 -0.47654521E+00 -0.21177830E+00
  0.49700000E+01  0.49713667E+00 -0.91265266E+00
  0.49750000E+01  0.46862522E+00 -0.90563664E-01
  0.49800000E+01  0.93085803E+00 -0.63216438E+00
  0.49850000E+01  0.11870091E+01  0.14931243E+01
  0.49900000E+01  0.79596056E+00  0.10290213E+01
  0.49950000E+01  0.87069621E+00  0.64861911E+00
  0.50000000E+01  0.15271600E+01  0.31523312E+01
