# energy dos
-7.659290000000000020e+01 0.000000000000000000e+00
-7.650410000000000821e+01 0.000000000000000000e+00
-7.641519999999999868e+01 0.000000000000000000e+00
-7.632630000000000337e+01 0.000000000000000000e+00
-7.623749999999999716e+01 0.000000000000000000e+00
-7.614860000000000184e+01 0.000000000000000000e+00
-7.605970000000000653e+01 0.000000000000000000e+00
-7.597090000000000032e+01 0.000000000000000000e+00
-7.588200000000000500e+01 0.000000000000000000e+00
-7.579309999999999548e+01 0.000000000000000000e+00
-7.570430000000000348e+01 0.000000000000000000e+00
-7.561540000000000816e+01 0.000000000000000000e+00
-7.552660000000000196e+01 0.000000000000000000e+00
-7.543770000000000664e+01 0.000000000000000000e+00
-7.534879999999999711e+01 0.000000000000000000e+00
-7.526000000000000512e+01 0.000000000000000000e+00
-7.517109999999999559e+01 0.000000000000000000e+00
-7.508220000000000027e+01 0.000000000000000000e+00
-7.499340000000000828e+01 0.000000000000000000e+00
-7.490449999999999875e+01 0.000000000000000000e+00
-7.481570000000000675e+01 0.000000000000000000e+00
-7.472679999999999723e+01 0.000000000000000000e+00
-7.463790000000000191e+01 0.000000000000000000e+00
-7.454909999999999570e+01 0.000000000000000000e+00
-7.446020000000000039e+01 0.000000000000000000e+00
-7.437130000000000507e+01 0.000000000000000000e+00
-7.428249999999999886e+01 0.000000000000000000e+00
-7.419360000000000355e+01 0.000000000000000000e+00
-7.410470000000000823e+01 0.000000000000000000e+00
-7.401590000000000202e+01 0.000000000000000000e+00
-7.392700000000000671e+01 0.000000000000000000e+00
-7.383820000000000050e+01 0.000000000000000000e+00
-7.374930000000000518e+01 0.000000000000000000e+00
-7.366039999999999566e+01 0.000000000000000000e+00
-7.357160000000000366e+01 0.000000000000000000e+00
-7.348270000000000834e+01 0.000000000000000000e+00
-7.339379999999999882e+01 0.000000000000000000e+00
-7.330500000000000682e+01 0.000000000000000000e+00
-7.321609999999999729e+01 0.000000000000000000e+00
-7.312720000000000198e+01 0.000000000000000000e+00
-7.303839999999999577e+01 0.000000000000000000e+00
-7.294950000000000045e+01 0.000000000000000000e+00
-7.286070000000000846e+01 0.000000000000000000e+00
-7.277179999999999893e+01 0.000000000000000000e+00
-7.268290000000000362e+01 0.000000000000000000e+00
-7.259409999999999741e+01 9.810000000000000664e-02
-7.250520000000000209e+01 9.897499999999999432e+01
-7.241630000000000678e+01 3.596589999999999776e+01
-7.232750000000000057e+01 0.000000000000000000e+00
-7.223860000000000525e+01 0.000000000000000000e+00
-7.214979999999999905e+01 0.000000000000000000e+00
-7.206090000000000373e+01 0.000000000000000000e+00
-7.197200000000000841e+01 0.000000000000000000e+00
-7.188320000000000221e+01 0.000000000000000000e+00
-7.179430000000000689e+01 0.000000000000000000e+00
-7.170539999999999736e+01 0.000000000000000000e+00
-7.161660000000000537e+01 0.000000000000000000e+00
-7.152769999999999584e+01 0.000000000000000000e+00
-7.143880000000000052e+01 0.000000000000000000e+00
-7.135000000000000853e+01 0.000000000000000000e+00
-7.126109999999999900e+01 0.000000000000000000e+00
-7.117230000000000700e+01 0.000000000000000000e+00
-7.108339999999999748e+01 0.000000000000000000e+00
-7.099450000000000216e+01 0.000000000000000000e+00
-7.090569999999999595e+01 0.000000000000000000e+00
-7.081680000000000064e+01 0.000000000000000000e+00
-7.072790000000000532e+01 0.000000000000000000e+00
-7.063909999999999911e+01 0.000000000000000000e+00
-7.055020000000000380e+01 0.000000000000000000e+00
-7.046139999999999759e+01 0.000000000000000000e+00
-7.037250000000000227e+01 0.000000000000000000e+00
-7.028360000000000696e+01 0.000000000000000000e+00
-7.019480000000000075e+01 0.000000000000000000e+00
-7.010590000000000543e+01 0.000000000000000000e+00
-7.001699999999999591e+01 0.000000000000000000e+00
-6.992820000000000391e+01 0.000000000000000000e+00
-6.983930000000000859e+01 0.000000000000000000e+00
-6.975039999999999907e+01 0.000000000000000000e+00
-6.966160000000000707e+01 0.000000000000000000e+00
-6.957269999999999754e+01 0.000000000000000000e+00
-6.948390000000000555e+01 0.000000000000000000e+00
-6.939499999999999602e+01 0.000000000000000000e+00
-6.930610000000000070e+01 0.000000000000000000e+00
-6.921730000000000871e+01 0.000000000000000000e+00
-6.912839999999999918e+01 0.000000000000000000e+00
-6.903950000000000387e+01 0.000000000000000000e+00
-6.895069999999999766e+01 0.000000000000000000e+00
-6.886180000000000234e+01 0.000000000000000000e+00
-6.877299999999999613e+01 0.000000000000000000e+00
-6.868410000000000082e+01 0.000000000000000000e+00
-6.859520000000000550e+01 0.000000000000000000e+00
-6.850639999999999930e+01 0.000000000000000000e+00
-6.841750000000000398e+01 0.000000000000000000e+00
-6.832860000000000866e+01 0.000000000000000000e+00
-6.823980000000000246e+01 0.000000000000000000e+00
-6.815090000000000714e+01 0.000000000000000000e+00
-6.806199999999999761e+01 0.000000000000000000e+00
-6.797320000000000562e+01 0.000000000000000000e+00
-6.788430000000001030e+01 0.000000000000000000e+00
-6.779550000000000409e+01 0.000000000000000000e+00
-6.770660000000000878e+01 0.000000000000000000e+00
-6.761769999999999925e+01 0.000000000000000000e+00
-6.752890000000000725e+01 0.000000000000000000e+00
-6.744000000000001194e+01 0.000000000000000000e+00
-6.735110000000000241e+01 0.000000000000000000e+00
-6.726230000000001041e+01 0.000000000000000000e+00
-6.717340000000000089e+01 0.000000000000000000e+00
-6.708460000000000889e+01 0.000000000000000000e+00
-6.699569999999999936e+01 0.000000000000000000e+00
-6.690680000000000405e+01 0.000000000000000000e+00
-6.681800000000001205e+01 0.000000000000000000e+00
-6.672910000000000252e+01 0.000000000000000000e+00
-6.664020000000000721e+01 0.000000000000000000e+00
-6.655140000000000100e+01 0.000000000000000000e+00
-6.646250000000000568e+01 0.000000000000000000e+00
-6.637360000000001037e+01 0.000000000000000000e+00
-6.628480000000000416e+01 0.000000000000000000e+00
-6.619590000000000884e+01 0.000000000000000000e+00
-6.610710000000000264e+01 0.000000000000000000e+00
-6.601820000000000732e+01 0.000000000000000000e+00
-6.592930000000001201e+01 0.000000000000000000e+00
-6.584050000000000580e+01 0.000000000000000000e+00
-6.575160000000001048e+01 0.000000000000000000e+00
-6.566270000000000095e+01 0.000000000000000000e+00
-6.557390000000000896e+01 0.000000000000000000e+00
-6.548499999999999943e+01 0.000000000000000000e+00
-6.539620000000000744e+01 0.000000000000000000e+00
-6.530730000000001212e+01 0.000000000000000000e+00
-6.521840000000000259e+01 0.000000000000000000e+00
-6.512960000000001060e+01 0.000000000000000000e+00
-6.504070000000000107e+01 0.000000000000000000e+00
-6.495180000000000575e+01 0.000000000000000000e+00
-6.486299999999999955e+01 0.000000000000000000e+00
-6.477410000000000423e+01 0.000000000000000000e+00
-6.468520000000000891e+01 0.000000000000000000e+00
-6.459640000000000271e+01 0.000000000000000000e+00
-6.450750000000000739e+01 0.000000000000000000e+00
-6.441870000000000118e+01 0.000000000000000000e+00
-6.432980000000000587e+01 0.000000000000000000e+00
-6.424090000000001055e+01 0.000000000000000000e+00
-6.415210000000000434e+01 0.000000000000000000e+00
-6.406320000000000903e+01 0.000000000000000000e+00
-6.397429999999999950e+01 0.000000000000000000e+00
-6.388550000000000040e+01 0.000000000000000000e+00
-6.379660000000000508e+01 0.000000000000000000e+00
-6.370770000000000266e+01 0.000000000000000000e+00
-6.361890000000000356e+01 0.000000000000000000e+00
-6.353000000000000114e+01 0.000000000000000000e+00
-6.344120000000000203e+01 0.000000000000000000e+00
-6.335229999999999961e+01 0.000000000000000000e+00
-6.326340000000000430e+01 0.000000000000000000e+00
-6.317460000000000520e+01 0.000000000000000000e+00
-6.308570000000000277e+01 0.000000000000000000e+00
-6.299680000000000035e+01 0.000000000000000000e+00
-6.290800000000000125e+01 0.000000000000000000e+00
-6.281910000000000593e+01 0.000000000000000000e+00
-6.273029999999999973e+01 0.000000000000000000e+00
-6.264140000000000441e+01 0.000000000000000000e+00
-6.255250000000000199e+01 0.000000000000000000e+00
-6.246370000000000289e+01 0.000000000000000000e+00
-6.237480000000000047e+01 0.000000000000000000e+00
-6.228590000000000515e+01 0.000000000000000000e+00
-6.219709999999999894e+01 0.000000000000000000e+00
-6.210820000000000363e+01 0.000000000000000000e+00
-6.201930000000000121e+01 0.000000000000000000e+00
-6.193050000000000210e+01 0.000000000000000000e+00
-6.184159999999999968e+01 0.000000000000000000e+00
-6.175280000000000058e+01 0.000000000000000000e+00
-6.166390000000000526e+01 0.000000000000000000e+00
-6.157500000000000284e+01 0.000000000000000000e+00
-6.148620000000000374e+01 0.000000000000000000e+00
-6.139730000000000132e+01 0.000000000000000000e+00
-6.130839999999999890e+01 0.000000000000000000e+00
-6.121959999999999980e+01 0.000000000000000000e+00
-6.113070000000000448e+01 0.000000000000000000e+00
-6.104190000000000538e+01 0.000000000000000000e+00
-6.095300000000000296e+01 0.000000000000000000e+00
-6.086410000000000053e+01 0.000000000000000000e+00
-6.077530000000000143e+01 0.000000000000000000e+00
-6.068639999999999901e+01 0.000000000000000000e+00
-6.059750000000000369e+01 0.000000000000000000e+00
-6.050870000000000459e+01 0.000000000000000000e+00
-6.041980000000000217e+01 0.000000000000000000e+00
-6.033089999999999975e+01 0.000000000000000000e+00
-6.024210000000000065e+01 0.000000000000000000e+00
-6.015320000000000533e+01 0.000000000000000000e+00
-6.006439999999999912e+01 0.000000000000000000e+00
-5.997550000000000381e+01 0.000000000000000000e+00
-5.988660000000000139e+01 0.000000000000000000e+00
-5.979780000000000229e+01 0.000000000000000000e+00
-5.970889999999999986e+01 0.000000000000000000e+00
-5.962000000000000455e+01 0.000000000000000000e+00
-5.953120000000000545e+01 0.000000000000000000e+00
-5.944230000000000302e+01 0.000000000000000000e+00
-5.935350000000000392e+01 0.000000000000000000e+00
-5.926460000000000150e+01 0.000000000000000000e+00
-5.917569999999999908e+01 0.000000000000000000e+00
-5.908689999999999998e+01 0.000000000000000000e+00
-5.899800000000000466e+01 0.000000000000000000e+00
-5.890910000000000224e+01 0.000000000000000000e+00
-5.882030000000000314e+01 0.000000000000000000e+00
-5.873140000000000072e+01 0.000000000000000000e+00
-5.864250000000000540e+01 0.000000000000000000e+00
-5.855369999999999919e+01 0.000000000000000000e+00
-5.846480000000000388e+01 0.000000000000000000e+00
-5.837600000000000477e+01 0.000000000000000000e+00
-5.828710000000000235e+01 0.000000000000000000e+00
-5.819819999999999993e+01 0.000000000000000000e+00
-5.810940000000000083e+01 0.000000000000000000e+00
-5.802050000000000551e+01 0.000000000000000000e+00
-5.793160000000000309e+01 0.000000000000000000e+00
-5.784280000000000399e+01 0.000000000000000000e+00
-5.775390000000000157e+01 0.000000000000000000e+00
-5.766510000000000247e+01 0.000000000000000000e+00
-5.757620000000000005e+01 0.000000000000000000e+00
-5.748730000000000473e+01 0.000000000000000000e+00
-5.739850000000000563e+01 0.000000000000000000e+00
-5.730960000000000321e+01 0.000000000000000000e+00
-5.722070000000000078e+01 0.000000000000000000e+00
-5.713190000000000168e+01 0.000000000000000000e+00
-5.704299999999999926e+01 0.000000000000000000e+00
-5.695410000000000394e+01 0.000000000000000000e+00
-5.686530000000000484e+01 0.000000000000000000e+00
-5.677640000000000242e+01 0.000000000000000000e+00
-5.668760000000000332e+01 0.000000000000000000e+00
-5.659870000000000090e+01 0.000000000000000000e+00
-5.650980000000000558e+01 0.000000000000000000e+00
-5.642099999999999937e+01 0.000000000000000000e+00
-5.633210000000000406e+01 0.000000000000000000e+00
-5.624320000000000164e+01 0.000000000000000000e+00
-5.615440000000000254e+01 0.000000000000000000e+00
-5.606550000000000011e+01 0.000000000000000000e+00
-5.597670000000000101e+01 0.000000000000000000e+00
-5.588780000000000570e+01 0.000000000000000000e+00
-5.579890000000000327e+01 0.000000000000000000e+00
-5.571010000000000417e+01 0.000000000000000000e+00
-5.562120000000000175e+01 0.000000000000000000e+00
-5.553229999999999933e+01 0.000000000000000000e+00
-5.544350000000000023e+01 0.000000000000000000e+00
-5.535460000000000491e+01 0.000000000000000000e+00
-5.526570000000000249e+01 0.000000000000000000e+00
-5.517690000000000339e+01 0.000000000000000000e+00
-5.508800000000000097e+01 0.000000000000000000e+00
-5.499920000000000186e+01 0.000000000000000000e+00
-5.491029999999999944e+01 0.000000000000000000e+00
-5.482140000000000413e+01 0.000000000000000000e+00
-5.473260000000000502e+01 0.000000000000000000e+00
-5.464370000000000260e+01 0.000000000000000000e+00
-5.455480000000000018e+01 0.000000000000000000e+00
-5.446600000000000108e+01 0.000000000000000000e+00
-5.437710000000000576e+01 0.000000000000000000e+00
-5.428820000000000334e+01 0.000000000000000000e+00
-5.419940000000000424e+01 0.000000000000000000e+00
-5.411050000000000182e+01 0.000000000000000000e+00
-5.402170000000000272e+01 0.000000000000000000e+00
-5.393280000000000030e+01 0.000000000000000000e+00
-5.384390000000000498e+01 0.000000000000000000e+00
-5.375510000000000588e+01 0.000000000000000000e+00
-5.366620000000000346e+01 0.000000000000000000e+00
-5.357730000000000103e+01 0.000000000000000000e+00
-5.348850000000000193e+01 0.000000000000000000e+00
-5.339959999999999951e+01 0.000000000000000000e+00
-5.331080000000000041e+01 0.000000000000000000e+00
-5.322190000000000509e+01 0.000000000000000000e+00
-5.313300000000000267e+01 0.000000000000000000e+00
-5.304420000000000357e+01 0.000000000000000000e+00
-5.295530000000000115e+01 0.000000000000000000e+00
-5.286640000000000583e+01 0.000000000000000000e+00
-5.277759999999999962e+01 0.000000000000000000e+00
-5.268870000000000431e+01 0.000000000000000000e+00
-5.259980000000000189e+01 0.000000000000000000e+00
-5.251100000000000279e+01 0.000000000000000000e+00
-5.242210000000000036e+01 0.000000000000000000e+00
-5.233330000000000126e+01 0.000000000000000000e+00
-5.224440000000000595e+01 0.000000000000000000e+00
-5.215550000000000352e+01 0.000000000000000000e+00
-5.206670000000000442e+01 0.000000000000000000e+00
-5.197780000000000200e+01 0.000000000000000000e+00
-5.188889999999999958e+01 0.000000000000000000e+00
-5.180010000000000048e+01 0.000000000000000000e+00
-5.171120000000000516e+01 0.000000000000000000e+00
-5.162239999999999895e+01 0.000000000000000000e+00
-5.153350000000000364e+01 0.000000000000000000e+00
-5.144460000000000122e+01 0.000000000000000000e+00
-5.135580000000000211e+01 0.000000000000000000e+00
-5.126689999999999969e+01 0.000000000000000000e+00
-5.117800000000000438e+01 0.000000000000000000e+00
-5.108920000000000528e+01 0.000000000000000000e+00
-5.100030000000000285e+01 0.000000000000000000e+00
-5.091140000000000043e+01 0.000000000000000000e+00
-5.082260000000000133e+01 0.000000000000000000e+00
-5.073369999999999891e+01 0.000000000000000000e+00
-5.064489999999999981e+01 0.000000000000000000e+00
-5.055600000000000449e+01 0.000000000000000000e+00
-5.046710000000000207e+01 0.000000000000000000e+00
-5.037830000000000297e+01 0.000000000000000000e+00
-5.028940000000000055e+01 0.000000000000000000e+00
-5.020050000000000523e+01 0.000000000000000000e+00
-5.011169999999999902e+01 0.000000000000000000e+00
-5.002280000000000371e+01 0.000000000000000000e+00
-4.993400000000000460e+01 0.000000000000000000e+00
-4.984510000000000218e+01 0.000000000000000000e+00
-4.975619999999999976e+01 0.000000000000000000e+00
-4.966740000000000066e+01 0.000000000000000000e+00
-4.957850000000000534e+01 0.000000000000000000e+00
-4.948960000000000292e+01 0.000000000000000000e+00
-4.940080000000000382e+01 0.000000000000000000e+00
-4.931190000000000140e+01 0.000000000000000000e+00
-4.922299999999999898e+01 0.000000000000000000e+00
-4.913419999999999987e+01 0.000000000000000000e+00
-4.904530000000000456e+01 0.000000000000000000e+00
-4.895650000000000546e+01 0.000000000000000000e+00
-4.886760000000000304e+01 0.000000000000000000e+00
-4.877870000000000061e+01 0.000000000000000000e+00
-4.868990000000000151e+01 0.000000000000000000e+00
-4.860099999999999909e+01 0.000000000000000000e+00
-4.851210000000000377e+01 0.000000000000000000e+00
-4.842330000000000467e+01 0.000000000000000000e+00
-4.833440000000000225e+01 0.000000000000000000e+00
-4.824560000000000315e+01 0.000000000000000000e+00
-4.815670000000000073e+01 0.000000000000000000e+00
-4.806780000000000541e+01 0.000000000000000000e+00
-4.797899999999999920e+01 0.000000000000000000e+00
-4.789010000000000389e+01 0.000000000000000000e+00
-4.780120000000000147e+01 0.000000000000000000e+00
-4.771240000000000236e+01 0.000000000000000000e+00
-4.762349999999999994e+01 0.000000000000000000e+00
-4.753460000000000463e+01 0.000000000000000000e+00
-4.744580000000000553e+01 0.000000000000000000e+00
-4.735690000000000310e+01 0.000000000000000000e+00
-4.726810000000000400e+01 0.000000000000000000e+00
-4.717920000000000158e+01 0.000000000000000000e+00
-4.709029999999999916e+01 0.000000000000000000e+00
-4.700150000000000006e+01 0.000000000000000000e+00
-4.691260000000000474e+01 0.000000000000000000e+00
-4.682370000000000232e+01 0.000000000000000000e+00
-4.673490000000000322e+01 0.000000000000000000e+00
-4.664600000000000080e+01 0.000000000000000000e+00
-4.655720000000000169e+01 0.000000000000000000e+00
-4.646829999999999927e+01 0.000000000000000000e+00
-4.637940000000000396e+01 0.000000000000000000e+00
-4.629060000000000485e+01 0.000000000000000000e+00
-4.620170000000000243e+01 0.000000000000000000e+00
-4.611280000000000001e+01 0.000000000000000000e+00
-4.602400000000000091e+01 0.000000000000000000e+00
-4.593510000000000559e+01 0.000000000000000000e+00
-4.584620000000000317e+01 0.000000000000000000e+00
-4.575740000000000407e+01 0.000000000000000000e+00
-4.566850000000000165e+01 0.000000000000000000e+00
-4.557970000000000255e+01 0.000000000000000000e+00
-4.549080000000000013e+01 0.000000000000000000e+00
-4.540190000000000481e+01 0.000000000000000000e+00
-4.531310000000000571e+01 0.000000000000000000e+00
-4.522420000000000329e+01 0.000000000000000000e+00
-4.513530000000000086e+01 0.000000000000000000e+00
-4.504650000000000176e+01 0.000000000000000000e+00
-4.495759999999999934e+01 0.000000000000000000e+00
-4.486880000000000024e+01 0.000000000000000000e+00
-4.477990000000000492e+01 0.000000000000000000e+00
-4.469100000000000250e+01 0.000000000000000000e+00
-4.460220000000000340e+01 0.000000000000000000e+00
-4.451330000000000098e+01 0.000000000000000000e+00
-4.442440000000000566e+01 0.000000000000000000e+00
-4.433559999999999945e+01 0.000000000000000000e+00
-4.424670000000000414e+01 0.000000000000000000e+00
-4.415780000000000172e+01 0.000000000000000000e+00
-4.406900000000000261e+01 0.000000000000000000e+00
-4.398010000000000019e+01 0.000000000000000000e+00
-4.389130000000000109e+01 0.000000000000000000e+00
-4.380240000000000578e+01 0.000000000000000000e+00
-4.371350000000000335e+01 0.000000000000000000e+00
-4.362470000000000425e+01 0.000000000000000000e+00
-4.353580000000000183e+01 0.000000000000000000e+00
-4.344689999999999941e+01 0.000000000000000000e+00
-4.335810000000000031e+01 0.000000000000000000e+00
-4.326920000000000499e+01 0.000000000000000000e+00
-4.318030000000000257e+01 0.000000000000000000e+00
-4.309150000000000347e+01 0.000000000000000000e+00
-4.300260000000000105e+01 0.000000000000000000e+00
-4.291380000000000194e+01 0.000000000000000000e+00
-4.282489999999999952e+01 0.000000000000000000e+00
-4.273600000000000421e+01 0.000000000000000000e+00
-4.264720000000000510e+01 0.000000000000000000e+00
-4.255830000000000268e+01 0.000000000000000000e+00
-4.246940000000000026e+01 0.000000000000000000e+00
-4.238060000000000116e+01 0.000000000000000000e+00
-4.229170000000000584e+01 0.000000000000000000e+00
-4.220289999999999964e+01 0.000000000000000000e+00
-4.211400000000000432e+01 0.000000000000000000e+00
-4.202510000000000190e+01 0.000000000000000000e+00
-4.193630000000000280e+01 0.000000000000000000e+00
-4.184740000000000038e+01 0.000000000000000000e+00
-4.175850000000000506e+01 0.000000000000000000e+00
-4.166970000000000596e+01 0.000000000000000000e+00
-4.158080000000000354e+01 0.000000000000000000e+00
-4.149190000000000111e+01 0.000000000000000000e+00
-4.140310000000000201e+01 0.000000000000000000e+00
-4.131419999999999959e+01 0.000000000000000000e+00
-4.122540000000000049e+01 0.000000000000000000e+00
-4.113650000000000517e+01 0.000000000000000000e+00
-4.104760000000000275e+01 0.000000000000000000e+00
-4.095880000000000365e+01 0.000000000000000000e+00
-4.086990000000000123e+01 0.000000000000000000e+00
-4.078100000000000591e+01 0.000000000000000000e+00
-4.069219999999999970e+01 0.000000000000000000e+00
-4.060330000000000439e+01 0.000000000000000000e+00
-4.051450000000000529e+01 0.000000000000000000e+00
-4.042560000000000286e+01 0.000000000000000000e+00
-4.033670000000000044e+01 0.000000000000000000e+00
-4.024790000000000134e+01 0.000000000000000000e+00
-4.015899999999999892e+01 0.000000000000000000e+00
-4.007010000000000360e+01 0.000000000000000000e+00
-3.998130000000000450e+01 0.000000000000000000e+00
-3.989240000000000208e+01 0.000000000000000000e+00
-3.980349999999999966e+01 0.000000000000000000e+00
-3.971470000000000056e+01 0.000000000000000000e+00
-3.962580000000000524e+01 0.000000000000000000e+00
-3.953699999999999903e+01 0.000000000000000000e+00
-3.944810000000000372e+01 0.000000000000000000e+00
-3.935920000000000130e+01 0.000000000000000000e+00
-3.927040000000000219e+01 0.000000000000000000e+00
-3.918149999999999977e+01 0.000000000000000000e+00
-3.909260000000000446e+01 0.000000000000000000e+00
-3.900380000000000535e+01 0.000000000000000000e+00
-3.891490000000000293e+01 0.000000000000000000e+00
-3.882610000000000383e+01 0.000000000000000000e+00
-3.873720000000000141e+01 0.000000000000000000e+00
-3.864829999999999899e+01 0.000000000000000000e+00
-3.855949999999999989e+01 0.000000000000000000e+00
-3.847060000000000457e+01 0.000000000000000000e+00
-3.838170000000000215e+01 0.000000000000000000e+00
-3.829290000000000305e+01 0.000000000000000000e+00
-3.820400000000000063e+01 0.000000000000000000e+00
-3.811510000000000531e+01 0.000000000000000000e+00
-3.802629999999999910e+01 0.000000000000000000e+00
-3.793740000000000379e+01 0.000000000000000000e+00
-3.784860000000000468e+01 0.000000000000000000e+00
-3.775970000000000226e+01 0.000000000000000000e+00
-3.767079999999999984e+01 0.000000000000000000e+00
-3.758200000000000074e+01 0.000000000000000000e+00
-3.749310000000000542e+01 0.000000000000000000e+00
-3.740420000000000300e+01 0.000000000000000000e+00
-3.731540000000000390e+01 0.000000000000000000e+00
-3.722650000000000148e+01 0.000000000000000000e+00
-3.713770000000000238e+01 0.000000000000000000e+00
-3.704879999999999995e+01 0.000000000000000000e+00
-3.695990000000000464e+01 0.000000000000000000e+00
-3.687110000000000554e+01 0.000000000000000000e+00
-3.678220000000000312e+01 0.000000000000000000e+00
-3.669330000000000069e+01 0.000000000000000000e+00
-3.660450000000000159e+01 0.000000000000000000e+00
-3.651559999999999917e+01 0.000000000000000000e+00
-3.642670000000000385e+01 0.000000000000000000e+00
-3.633790000000000475e+01 0.000000000000000000e+00
-3.624900000000000233e+01 0.000000000000000000e+00
-3.616020000000000323e+01 0.000000000000000000e+00
-3.607130000000000081e+01 0.000000000000000000e+00
-3.598239999999999839e+01 0.000000000000000000e+00
-3.589359999999999928e+01 0.000000000000000000e+00
-3.580470000000000397e+01 0.000000000000000000e+00
-3.571580000000000155e+01 0.000000000000000000e+00
-3.562700000000000244e+01 0.000000000000000000e+00
-3.553810000000000002e+01 0.000000000000000000e+00
-3.544930000000000092e+01 0.000000000000000000e+00
-3.536039999999999850e+01 0.000000000000000000e+00
-3.527150000000000318e+01 0.000000000000000000e+00
-3.518270000000000408e+01 0.000000000000000000e+00
-3.509380000000000166e+01 0.000000000000000000e+00
-3.500489999999999924e+01 0.000000000000000000e+00
-3.491610000000000014e+01 0.000000000000000000e+00
-3.482719999999999771e+01 0.000000000000000000e+00
-3.473830000000000240e+01 0.000000000000000000e+00
-3.464950000000000330e+01 0.000000000000000000e+00
-3.456060000000000088e+01 0.000000000000000000e+00
-3.447180000000000177e+01 0.000000000000000000e+00
-3.438289999999999935e+01 0.000000000000000000e+00
-3.429400000000000404e+01 0.000000000000000000e+00
-3.420519999999999783e+01 0.000000000000000000e+00
-3.411630000000000251e+01 0.000000000000000000e+00
-3.402740000000000009e+01 0.000000000000000000e+00
-3.393860000000000099e+01 0.000000000000000000e+00
-3.384969999999999857e+01 0.000000000000000000e+00
-3.376080000000000325e+01 0.000000000000000000e+00
-3.367200000000000415e+01 0.000000000000000000e+00
-3.358310000000000173e+01 0.000000000000000000e+00
-3.349430000000000263e+01 0.000000000000000000e+00
-3.340540000000000020e+01 0.000000000000000000e+00
-3.331649999999999778e+01 0.000000000000000000e+00
-3.322769999999999868e+01 0.000000000000000000e+00
-3.313880000000000337e+01 0.000000000000000000e+00
-3.304990000000000094e+01 0.000000000000000000e+00
-3.296110000000000184e+01 0.000000000000000000e+00
-3.287219999999999942e+01 0.000000000000000000e+00
-3.278340000000000032e+01 0.000000000000000000e+00
-3.269449999999999790e+01 0.000000000000000000e+00
-3.260560000000000258e+01 0.000000000000000000e+00
-3.251680000000000348e+01 0.000000000000000000e+00
-3.242790000000000106e+01 0.000000000000000000e+00
-3.233899999999999864e+01 0.000000000000000000e+00
-3.225019999999999953e+01 0.000000000000000000e+00
-3.216129999999999711e+01 0.000000000000000000e+00
-3.207240000000000180e+01 0.000000000000000000e+00
-3.198359999999999914e+01 0.000000000000000000e+00
-3.189470000000000027e+01 0.000000000000000000e+00
-3.180589999999999762e+01 0.000000000000000000e+00
-3.171699999999999875e+01 0.000000000000000000e+00
-3.162809999999999988e+01 0.000000000000000000e+00
-3.153929999999999723e+01 0.000000000000000000e+00
-3.145039999999999836e+01 0.000000000000000000e+00
-3.136149999999999949e+01 0.000000000000000000e+00
-3.127270000000000039e+01 0.000000000000000000e+00
-3.118379999999999797e+01 0.000000000000000000e+00
-3.109499999999999886e+01 0.000000000000000000e+00
-3.100609999999999999e+01 0.000000000000000000e+00
-3.091719999999999757e+01 0.000000000000000000e+00
-3.082839999999999847e+01 0.000000000000000000e+00
-3.073949999999999960e+01 0.000000000000000000e+00
-3.065059999999999718e+01 0.000000000000000000e+00
-3.056179999999999808e+01 0.000000000000000000e+00
-3.047289999999999921e+01 0.000000000000000000e+00
-3.038400000000000034e+01 0.000000000000000000e+00
-3.029519999999999769e+01 0.000000000000000000e+00
-3.020629999999999882e+01 0.000000000000000000e+00
-3.011749999999999972e+01 0.000000000000000000e+00
-3.002859999999999729e+01 0.000000000000000000e+00
-2.993969999999999843e+01 0.000000000000000000e+00
-2.985089999999999932e+01 0.000000000000000000e+00
-2.976200000000000045e+01 0.000000000000000000e+00
-2.967309999999999803e+01 0.000000000000000000e+00
-2.958429999999999893e+01 0.000000000000000000e+00
-2.949540000000000006e+01 0.000000000000000000e+00
-2.940659999999999741e+01 0.000000000000000000e+00
-2.931769999999999854e+01 0.000000000000000000e+00
-2.922879999999999967e+01 0.000000000000000000e+00
-2.914000000000000057e+01 0.000000000000000000e+00
-2.905109999999999815e+01 0.000000000000000000e+00
-2.896219999999999928e+01 0.000000000000000000e+00
-2.887340000000000018e+01 0.000000000000000000e+00
-2.878449999999999775e+01 0.000000000000000000e+00
-2.869559999999999889e+01 0.000000000000000000e+00
-2.860679999999999978e+01 0.000000000000000000e+00
-2.851789999999999736e+01 0.000000000000000000e+00
-2.842909999999999826e+01 0.000000000000000000e+00
-2.834019999999999939e+01 0.000000000000000000e+00
-2.825130000000000052e+01 0.000000000000000000e+00
-2.816249999999999787e+01 0.000000000000000000e+00
-2.807359999999999900e+01 0.000000000000000000e+00
-2.798470000000000013e+01 0.000000000000000000e+00
-2.789589999999999748e+01 0.000000000000000000e+00
-2.780699999999999861e+01 0.000000000000000000e+00
-2.771819999999999951e+01 0.000000000000000000e+00
-2.762929999999999708e+01 0.000000000000000000e+00
-2.754039999999999822e+01 0.000000000000000000e+00
-2.745159999999999911e+01 0.000000000000000000e+00
-2.736270000000000024e+01 0.000000000000000000e+00
-2.727379999999999782e+01 0.000000000000000000e+00
-2.718499999999999872e+01 0.000000000000000000e+00
-2.709609999999999985e+01 0.000000000000000000e+00
-2.700719999999999743e+01 0.000000000000000000e+00
-2.691839999999999833e+01 0.000000000000000000e+00
-2.682949999999999946e+01 0.000000000000000000e+00
-2.674070000000000036e+01 0.000000000000000000e+00
-2.665179999999999794e+01 0.000000000000000000e+00
-2.656289999999999907e+01 0.000000000000000000e+00
-2.647409999999999997e+01 0.000000000000000000e+00
-2.638519999999999754e+01 0.000000000000000000e+00
-2.629629999999999868e+01 0.000000000000000000e+00
-2.620749999999999957e+01 0.000000000000000000e+00
-2.611859999999999715e+01 0.000000000000000000e+00
-2.602979999999999805e+01 0.000000000000000000e+00
-2.594089999999999918e+01 0.000000000000000000e+00
-2.585200000000000031e+01 0.000000000000000000e+00
-2.576319999999999766e+01 0.000000000000000000e+00
-2.567429999999999879e+01 0.000000000000000000e+00
-2.558539999999999992e+01 0.000000000000000000e+00
-2.549659999999999727e+01 0.000000000000000000e+00
-2.540769999999999840e+01 0.000000000000000000e+00
-2.531879999999999953e+01 0.000000000000000000e+00
-2.523000000000000043e+01 0.000000000000000000e+00
-2.514109999999999800e+01 0.000000000000000000e+00
-2.505229999999999890e+01 0.000000000000000000e+00
-2.496340000000000003e+01 0.000000000000000000e+00
-2.487449999999999761e+01 0.000000000000000000e+00
-2.478569999999999851e+01 0.000000000000000000e+00
-2.469679999999999964e+01 0.000000000000000000e+00
-2.460789999999999722e+01 0.000000000000000000e+00
-2.451909999999999812e+01 0.000000000000000000e+00
-2.443019999999999925e+01 0.000000000000000000e+00
-2.434130000000000038e+01 0.000000000000000000e+00
-2.425249999999999773e+01 0.000000000000000000e+00
-2.416359999999999886e+01 5.223349999999999937e+01
-2.407479999999999976e+01 3.145510000000000161e+01
-2.398589999999999733e+01 2.884380000000000166e+01
-2.389699999999999847e+01 0.000000000000000000e+00
-2.380819999999999936e+01 0.000000000000000000e+00
-2.371930000000000049e+01 0.000000000000000000e+00
-2.363039999999999807e+01 0.000000000000000000e+00
-2.354159999999999897e+01 0.000000000000000000e+00
-2.345270000000000010e+01 0.000000000000000000e+00
-2.336389999999999745e+01 0.000000000000000000e+00
-2.327499999999999858e+01 0.000000000000000000e+00
-2.318609999999999971e+01 0.000000000000000000e+00
-2.309730000000000061e+01 0.000000000000000000e+00
-2.300839999999999819e+01 0.000000000000000000e+00
-2.291949999999999932e+01 0.000000000000000000e+00
-2.283070000000000022e+01 0.000000000000000000e+00
-2.274179999999999779e+01 0.000000000000000000e+00
-2.265289999999999893e+01 0.000000000000000000e+00
-2.256409999999999982e+01 0.000000000000000000e+00
-2.247519999999999740e+01 0.000000000000000000e+00
-2.238639999999999830e+01 0.000000000000000000e+00
-2.229749999999999943e+01 0.000000000000000000e+00
-2.220860000000000056e+01 0.000000000000000000e+00
-2.211979999999999791e+01 0.000000000000000000e+00
-2.203089999999999904e+01 0.000000000000000000e+00
-2.194200000000000017e+01 0.000000000000000000e+00
-2.185319999999999752e+01 0.000000000000000000e+00
-2.176429999999999865e+01 0.000000000000000000e+00
-2.167549999999999955e+01 0.000000000000000000e+00
-2.158659999999999712e+01 0.000000000000000000e+00
-2.149769999999999825e+01 0.000000000000000000e+00
-2.140889999999999915e+01 0.000000000000000000e+00
-2.132000000000000028e+01 0.000000000000000000e+00
-2.123109999999999786e+01 0.000000000000000000e+00
-2.114229999999999876e+01 0.000000000000000000e+00
-2.105339999999999989e+01 0.000000000000000000e+00
-2.096449999999999747e+01 0.000000000000000000e+00
-2.087569999999999837e+01 0.000000000000000000e+00
-2.078679999999999950e+01 0.000000000000000000e+00
-2.069800000000000040e+01 0.000000000000000000e+00
-2.060909999999999798e+01 0.000000000000000000e+00
-2.052019999999999911e+01 0.000000000000000000e+00
-2.043140000000000001e+01 0.000000000000000000e+00
-2.034249999999999758e+01 0.000000000000000000e+00
-2.025359999999999872e+01 0.000000000000000000e+00
-2.016479999999999961e+01 0.000000000000000000e+00
-2.007589999999999719e+01 0.000000000000000000e+00
-1.998709999999999809e+01 0.000000000000000000e+00
-1.989819999999999922e+01 0.000000000000000000e+00
-1.980930000000000035e+01 0.000000000000000000e+00
-1.972050000000000125e+01 0.000000000000000000e+00
-1.963159999999999883e+01 0.000000000000000000e+00
-1.954269999999999996e+01 0.000000000000000000e+00
-1.945390000000000086e+01 0.000000000000000000e+00
-1.936499999999999844e+01 0.000000000000000000e+00
-1.927609999999999957e+01 0.000000000000000000e+00
-1.918730000000000047e+01 0.000000000000000000e+00
-1.909839999999999804e+01 0.000000000000000000e+00
-1.900959999999999894e+01 0.000000000000000000e+00
-1.892070000000000007e+01 0.000000000000000000e+00
-1.883180000000000121e+01 0.000000000000000000e+00
-1.874299999999999855e+01 0.000000000000000000e+00
-1.865409999999999968e+01 0.000000000000000000e+00
-1.856520000000000081e+01 0.000000000000000000e+00
-1.847639999999999816e+01 0.000000000000000000e+00
-1.838749999999999929e+01 0.000000000000000000e+00
-1.829870000000000019e+01 0.000000000000000000e+00
-1.820980000000000132e+01 0.000000000000000000e+00
-1.812089999999999890e+01 0.000000000000000000e+00
-1.803209999999999980e+01 0.000000000000000000e+00
-1.794320000000000093e+01 0.000000000000000000e+00
-1.785429999999999851e+01 0.000000000000000000e+00
-1.776549999999999940e+01 0.000000000000000000e+00
-1.767660000000000053e+01 0.000000000000000000e+00
-1.758769999999999811e+01 0.000000000000000000e+00
-1.749889999999999901e+01 0.000000000000000000e+00
-1.741000000000000014e+01 0.000000000000000000e+00
-1.732120000000000104e+01 0.000000000000000000e+00
-1.723229999999999862e+01 0.000000000000000000e+00
-1.714339999999999975e+01 0.000000000000000000e+00
-1.705460000000000065e+01 0.000000000000000000e+00
-1.696569999999999823e+01 0.000000000000000000e+00
-1.687679999999999936e+01 0.000000000000000000e+00
-1.678800000000000026e+01 0.000000000000000000e+00
-1.669910000000000139e+01 0.000000000000000000e+00
-1.661029999999999873e+01 0.000000000000000000e+00
-1.652139999999999986e+01 0.000000000000000000e+00
-1.643250000000000099e+01 0.000000000000000000e+00
-1.634369999999999834e+01 0.000000000000000000e+00
-1.625479999999999947e+01 0.000000000000000000e+00
-1.616590000000000060e+01 0.000000000000000000e+00
-1.607710000000000150e+01 0.000000000000000000e+00
-1.598819999999999908e+01 0.000000000000000000e+00
-1.589930000000000021e+01 0.000000000000000000e+00
-1.581050000000000111e+01 1.299999999999999940e-03
-1.572159999999999869e+01 3.597000000000000197e-01
-1.563279999999999959e+01 8.813999999999999613e-01
-1.554390000000000072e+01 1.225600000000000023e+00
-1.545499999999999829e+01 1.584999999999999964e+00
-1.536619999999999919e+01 2.186599999999999877e+00
-1.527730000000000032e+01 2.724099999999999966e+00
-1.518840000000000146e+01 3.917300000000000004e+00
-1.509959999999999880e+01 5.144599999999999618e+00
-1.501069999999999993e+01 3.598500000000000032e+00
-1.492180000000000106e+01 8.823999999999999622e-01
-1.483299999999999841e+01 4.899999999999999842e-03
-1.474409999999999954e+01 3.788000000000000256e-01
-1.465530000000000044e+01 1.589699999999999891e+00
-1.456639999999999802e+01 5.528999999999999915e+00
-1.447749999999999915e+01 8.609400000000000830e+00
-1.438870000000000005e+01 8.850899999999999324e+00
-1.429980000000000118e+01 1.143440000000000012e+01
-1.421089999999999876e+01 1.177439999999999998e+01
-1.412209999999999965e+01 1.528030000000000044e+01
-1.403320000000000078e+01 4.067700000000000315e+00
-1.394439999999999813e+01 0.000000000000000000e+00
-1.385549999999999926e+01 0.000000000000000000e+00
-1.376660000000000039e+01 0.000000000000000000e+00
-1.367780000000000129e+01 0.000000000000000000e+00
-1.358889999999999887e+01 0.000000000000000000e+00
-1.350000000000000000e+01 0.000000000000000000e+00
-1.341120000000000090e+01 0.000000000000000000e+00
-1.332229999999999848e+01 0.000000000000000000e+00
-1.323339999999999961e+01 0.000000000000000000e+00
-1.314460000000000051e+01 0.000000000000000000e+00
-1.305569999999999808e+01 0.000000000000000000e+00
-1.296689999999999898e+01 0.000000000000000000e+00
-1.287800000000000011e+01 0.000000000000000000e+00
-1.278910000000000124e+01 0.000000000000000000e+00
-1.270029999999999859e+01 0.000000000000000000e+00
-1.261139999999999972e+01 0.000000000000000000e+00
-1.252250000000000085e+01 0.000000000000000000e+00
-1.243369999999999820e+01 0.000000000000000000e+00
-1.234479999999999933e+01 0.000000000000000000e+00
-1.225600000000000023e+01 0.000000000000000000e+00
-1.216710000000000136e+01 0.000000000000000000e+00
-1.207819999999999894e+01 0.000000000000000000e+00
-1.198939999999999984e+01 0.000000000000000000e+00
-1.190050000000000097e+01 0.000000000000000000e+00
-1.181159999999999854e+01 0.000000000000000000e+00
-1.172279999999999944e+01 0.000000000000000000e+00
-1.163390000000000057e+01 0.000000000000000000e+00
-1.154499999999999993e+01 0.000000000000000000e+00
-1.145619999999999905e+01 0.000000000000000000e+00
-1.136730000000000018e+01 0.000000000000000000e+00
-1.127849999999999930e+01 0.000000000000000000e+00
-1.118959999999999866e+01 0.000000000000000000e+00
-1.110069999999999979e+01 0.000000000000000000e+00
-1.101190000000000069e+01 0.000000000000000000e+00
-1.092300000000000004e+01 0.000000000000000000e+00
-1.083409999999999940e+01 0.000000000000000000e+00
-1.074530000000000030e+01 0.000000000000000000e+00
-1.065639999999999965e+01 0.000000000000000000e+00
-1.056759999999999877e+01 0.000000000000000000e+00
-1.047869999999999990e+01 0.000000000000000000e+00
-1.038980000000000103e+01 0.000000000000000000e+00
-1.030100000000000016e+01 0.000000000000000000e+00
-1.021209999999999951e+01 0.000000000000000000e+00
-1.012320000000000064e+01 0.000000000000000000e+00
-1.003439999999999976e+01 0.000000000000000000e+00
-9.945499999999999119e+00 0.000000000000000000e+00
-9.856600000000000250e+00 0.000000000000000000e+00
-9.767799999999999372e+00 0.000000000000000000e+00
-9.678899999999998727e+00 0.000000000000000000e+00
-9.590099999999999625e+00 0.000000000000000000e+00
-9.501200000000000756e+00 0.000000000000000000e+00
-9.412300000000000111e+00 0.000000000000000000e+00
-9.323499999999999233e+00 0.000000000000000000e+00
-9.234600000000000364e+00 0.000000000000000000e+00
-9.145699999999999719e+00 0.000000000000000000e+00
-9.056899999999998840e+00 3.482999999999999985e-01
-8.967999999999999972e+00 3.617900000000000116e+00
-8.879200000000000870e+00 1.288369999999999926e+01
-8.790299999999998448e+00 4.731799999999999784e+00
-8.701399999999999579e+00 3.664800000000000058e+00
-8.612600000000000477e+00 4.442040000000000077e+01
-8.523699999999999832e+00 4.277909999999999968e+01
-8.434799999999999187e+00 8.649999999999999356e-02
-8.346000000000000085e+00 0.000000000000000000e+00
-8.257099999999999440e+00 4.760000000000000342e-02
-8.168199999999998795e+00 6.961000000000000520e-01
-8.079399999999999693e+00 2.862299999999999844e+00
-7.990500000000000824e+00 5.275800000000000267e+00
-7.901699999999999946e+00 4.811600000000000321e+00
-7.812800000000000189e+00 4.456199999999999939e+00
-7.723900000000000432e+00 3.681599999999999984e+00
-7.635099999999999554e+00 6.753000000000000114e-01
-7.546200000000000685e+00 0.000000000000000000e+00
-7.457300000000000040e+00 0.000000000000000000e+00
-7.368500000000000050e+00 0.000000000000000000e+00
-7.279600000000000293e+00 0.000000000000000000e+00
-7.190800000000000303e+00 0.000000000000000000e+00
-7.101900000000000546e+00 0.000000000000000000e+00
-7.012999999999999901e+00 0.000000000000000000e+00
-6.924200000000000799e+00 0.000000000000000000e+00
-6.835300000000000153e+00 0.000000000000000000e+00
-6.746400000000000396e+00 0.000000000000000000e+00
-6.657600000000000406e+00 1.680999999999999994e-01
-6.568699999999999761e+00 6.882000000000000339e-01
-6.479800000000000004e+00 1.229400000000000048e+00
-6.391000000000000014e+00 1.713999999999999968e+00
-6.302100000000000257e+00 1.915399999999999991e+00
-6.213300000000000267e+00 2.355399999999999938e+00
-6.124399999999999622e+00 4.243400000000000283e+00
-6.035499999999999865e+00 7.022400000000000198e+00
-5.946699999999999875e+00 5.586400000000000254e+00
-5.857800000000000118e+00 2.218700000000000117e+00
-5.768900000000000361e+00 2.301699999999999857e+00
-5.680100000000000371e+00 2.861899999999999888e+00
-5.591200000000000614e+00 3.819199999999999928e+00
-5.502299999999999969e+00 4.929000000000000270e+00
-5.413499999999999979e+00 3.803700000000000081e+00
-5.324600000000000222e+00 4.515100000000000335e+00
-5.235800000000000232e+00 3.749299999999999855e+00
-5.146900000000000475e+00 5.725299999999999834e+00
-5.057999999999999829e+00 4.361600000000000144e+00
-4.969199999999999839e+00 4.606200000000000294e+00
-4.880300000000000082e+00 5.709399999999999586e+00
-4.791400000000000325e+00 5.236900000000000333e+00
-4.702600000000000335e+00 4.362499999999999822e+00
-4.613699999999999690e+00 5.290499999999999758e+00
-4.524900000000000588e+00 7.511599999999999611e+00
-4.435999999999999943e+00 7.498099999999999987e+00
-4.347100000000000186e+00 9.068899999999999295e+00
-4.258300000000000196e+00 1.039959999999999951e+01
-4.169400000000000439e+00 8.081599999999999895e+00
-4.080499999999999794e+00 1.525290000000000035e+01
-3.991700000000000248e+00 2.311949999999999861e+01
-3.902800000000000047e+00 7.505300000000000082e+00
-3.813900000000000290e+00 2.568099999999999827e+00
-3.725100000000000300e+00 3.521500000000000075e+00
-3.636200000000000099e+00 1.625550000000000139e+01
-3.547400000000000109e+00 9.278600000000000847e+00
-3.458500000000000352e+00 1.558350000000000080e+01
-3.369600000000000151e+00 1.038069999999999915e+01
-3.280800000000000161e+00 9.432100000000000151e+00
-3.191900000000000404e+00 3.645599999999999952e+00
-3.103000000000000203e+00 5.489999999999999741e-02
-3.014200000000000212e+00 0.000000000000000000e+00
-2.925300000000000011e+00 0.000000000000000000e+00
-2.836500000000000021e+00 0.000000000000000000e+00
-2.747600000000000264e+00 0.000000000000000000e+00
-2.658700000000000507e+00 6.230000000000000121e-02
-2.569900000000000517e+00 1.587499999999999911e+00
-2.480999999999999872e+00 9.279899999999999594e+00
-2.392100000000000115e+00 2.524990000000000023e+01
-2.303300000000000125e+00 1.747390000000000043e+01
-2.214400000000000368e+00 1.574900000000000055e+01
-2.125500000000000167e+00 1.441629999999999967e+01
-2.036700000000000177e+00 7.368800000000000239e+00
-1.947799999999999976e+00 4.331100000000000172e+00
-1.858999999999999986e+00 6.321799999999999642e+00
-1.770100000000000229e+00 7.780599999999999739e+00
-1.681200000000000028e+00 1.079840000000000089e+01
-1.592400000000000038e+00 9.532000000000000028e+00
-1.503500000000000281e+00 8.823499999999999233e+00
-1.414600000000000080e+00 9.114599999999999369e+00
-1.325800000000000090e+00 5.205400000000000027e+00
-1.236900000000000333e+00 8.163399999999999324e+00
-1.148100000000000342e+00 8.276899999999999480e+00
-1.059200000000000141e+00 6.609700000000000131e+00
-9.703000000000003844e-01 5.381199999999999761e+00
-8.815000000000003944e-01 5.107700000000000351e+00
-7.926000000000001933e-01 5.947400000000000020e+00
-7.036999999999999922e-01 5.955899999999999750e+00
-6.149000000000000021e-01 8.099399999999999267e+00
-5.260000000000002451e-01 6.411999999999999922e+00
-4.371000000000000441e-01 3.671499999999999986e+00
-3.483000000000000540e-01 3.505599999999999827e+00
-2.594000000000002970e-01 2.202599999999999891e+00
-1.706000000000003070e-01 1.604899999999999993e+00
-8.170000000000010587e-02 9.162000000000000144e-01
7.200000000000095213e-03 1.150999999999999940e-01
9.600000000000008527e-02 2.000000000000000096e-04
1.848999999999998423e-01 0.000000000000000000e+00
2.738000000000004874e-01 0.000000000000000000e+00
3.626000000000004775e-01 0.000000000000000000e+00
4.515000000000002345e-01 0.000000000000000000e+00
5.403000000000002245e-01 0.000000000000000000e+00
6.291999999999999815e-01 0.000000000000000000e+00
7.181000000000006267e-01 0.000000000000000000e+00
8.069000000000006168e-01 0.000000000000000000e+00
8.958000000000003737e-01 0.000000000000000000e+00
9.847000000000001307e-01 0.000000000000000000e+00
1.073500000000000121e+00 0.000000000000000000e+00
1.162399999999999878e+00 0.000000000000000000e+00
1.251300000000000523e+00 0.000000000000000000e+00
1.340100000000000513e+00 0.000000000000000000e+00
1.429000000000000270e+00 0.000000000000000000e+00
1.517800000000000260e+00 8.099999999999999561e-03
1.606700000000000017e+00 3.799999999999999992e-03
1.695600000000000662e+00 7.910000000000000364e-02
1.784400000000000652e+00 3.599999999999999728e-02
1.873300000000000409e+00 1.267000000000000071e-01
1.962200000000000166e+00 5.510000000000000314e-02
2.051000000000000156e+00 3.422999999999999932e-01
2.139899999999999913e+00 6.168000000000000149e-01
2.228699999999999903e+00 7.695999999999999508e-01
2.317600000000000549e+00 1.489700000000000024e+00
2.406500000000000306e+00 2.185999999999999943e+00
2.495300000000000296e+00 2.957800000000000207e+00
2.584200000000000053e+00 2.733600000000000030e+00
2.673100000000000698e+00 3.601399999999999935e+00
2.761900000000000688e+00 2.145700000000000163e+00
2.850800000000000445e+00 2.699699999999999989e+00
2.939700000000000202e+00 1.329700000000000104e+00
3.028500000000000192e+00 1.285700000000000065e+00
3.117399999999999949e+00 1.034000000000000058e-01
3.206199999999999939e+00 4.067000000000000060e-01
3.295100000000000584e+00 4.897000000000000242e-01
3.384000000000000341e+00 6.874000000000000110e-01
3.472800000000000331e+00 1.079299999999999926e+00
3.561700000000000088e+00 1.178700000000000081e+00
3.650599999999999845e+00 1.180800000000000072e+00
3.739399999999999835e+00 1.936700000000000088e+00
3.828300000000000480e+00 2.184400000000000119e+00
3.917200000000000237e+00 2.522499999999999964e+00
4.006000000000001116e+00 3.204400000000000137e+00
4.094899999999999984e+00 4.344500000000000028e+00
4.183700000000000863e+00 4.441300000000000026e+00
4.272599999999999731e+00 5.067599999999999660e+00
4.361500000000000377e+00 4.910599999999999632e+00
4.450299999999999478e+00 5.289600000000000080e+00
4.539200000000000124e+00 5.946200000000000152e+00
4.628100000000000769e+00 5.692999999999999616e+00
4.716899999999999871e+00 3.746599999999999930e+00
4.805800000000000516e+00 3.998600000000000154e+00
4.894599999999999618e+00 3.141599999999999948e+00
4.983500000000000263e+00 3.325800000000000090e+00
5.072400000000000908e+00 3.172299999999999898e+00
5.161200000000000010e+00 3.405699999999999950e+00
5.250100000000000655e+00 2.917199999999999793e+00
5.338999999999999524e+00 2.818799999999999972e+00
5.427800000000000402e+00 2.803500000000000103e+00
5.516700000000001047e+00 3.131200000000000205e+00
5.605599999999999916e+00 2.723899999999999988e+00
5.694400000000000794e+00 3.802799999999999958e+00
5.783299999999999663e+00 2.412599999999999856e+00
5.872100000000000541e+00 2.354000000000000092e+00
5.960999999999999410e+00 1.893000000000000016e+00
6.049900000000000055e+00 2.496199999999999974e+00
6.138700000000000934e+00 3.938299999999999912e+00
6.227599999999999802e+00 4.219699999999999562e+00
6.316500000000000448e+00 3.822000000000000064e+00
6.405299999999999550e+00 3.252800000000000136e+00
6.494200000000000195e+00 3.946200000000000152e+00
6.583000000000001073e+00 3.503899999999999793e+00
6.671899999999999942e+00 4.399300000000000210e+00
6.760800000000000587e+00 3.335399999999999920e+00
6.849599999999999689e+00 2.984700000000000131e+00
6.938500000000000334e+00 3.803700000000000081e+00
7.027400000000000979e+00 3.140400000000000080e+00
7.116200000000000081e+00 3.393299999999999983e+00
7.205100000000000726e+00 3.519200000000000106e+00
7.293999999999999595e+00 2.478299999999999947e+00
7.382800000000000473e+00 2.538199999999999790e+00
7.471700000000001118e+00 2.362499999999999822e+00
7.560500000000000220e+00 1.657699999999999951e+00
7.649400000000000865e+00 7.185000000000000275e-01
7.738299999999999734e+00 5.606999999999999762e-01
7.827100000000000612e+00 4.978000000000000203e-01
7.915999999999999481e+00 3.563999999999999946e-01
8.004899999999999238e+00 1.174000000000000044e-01
8.093700000000001893e+00 1.607000000000000095e-01
8.182600000000000762e+00 6.729999999999999871e-02
8.271399999999999864e+00 2.999999999999999737e-04
8.360299999999998732e+00 0.000000000000000000e+00
8.449200000000001154e+00 0.000000000000000000e+00
8.538000000000000256e+00 0.000000000000000000e+00
8.626899999999999125e+00 0.000000000000000000e+00
8.715800000000001546e+00 0.000000000000000000e+00
8.804600000000000648e+00 0.000000000000000000e+00
8.893499999999999517e+00 0.000000000000000000e+00
8.982400000000001938e+00 0.000000000000000000e+00
9.071200000000001040e+00 0.000000000000000000e+00
9.160099999999999909e+00 0.000000000000000000e+00
9.248899999999999011e+00 0.000000000000000000e+00
9.337800000000001432e+00 0.000000000000000000e+00
9.426700000000000301e+00 0.000000000000000000e+00
9.515499999999999403e+00 0.000000000000000000e+00
9.604400000000001825e+00 0.000000000000000000e+00
9.693300000000000693e+00 0.000000000000000000e+00
9.782099999999999795e+00 0.000000000000000000e+00
9.870999999999998664e+00 0.000000000000000000e+00
9.959800000000001319e+00 0.000000000000000000e+00
1.004870000000000019e+01 0.000000000000000000e+00
1.013759999999999906e+01 0.000000000000000000e+00
1.022640000000000171e+01 0.000000000000000000e+00
1.031530000000000058e+01 0.000000000000000000e+00
1.040419999999999945e+01 0.000000000000000000e+00
1.049299999999999855e+01 0.000000000000000000e+00
1.058190000000000097e+01 0.000000000000000000e+00
1.067079999999999984e+01 0.000000000000000000e+00
1.075959999999999894e+01 0.000000000000000000e+00
1.084850000000000136e+01 0.000000000000000000e+00
1.093730000000000047e+01 0.000000000000000000e+00
1.102619999999999933e+01 0.000000000000000000e+00
1.111510000000000176e+01 0.000000000000000000e+00
1.120390000000000086e+01 0.000000000000000000e+00
1.129279999999999973e+01 0.000000000000000000e+00
1.138169999999999860e+01 0.000000000000000000e+00
1.147050000000000125e+01 0.000000000000000000e+00
1.155940000000000012e+01 0.000000000000000000e+00
1.164819999999999922e+01 0.000000000000000000e+00
1.173710000000000164e+01 0.000000000000000000e+00
1.182600000000000051e+01 0.000000000000000000e+00
1.191479999999999961e+01 0.000000000000000000e+00
1.200370000000000203e+01 0.000000000000000000e+00
1.209260000000000090e+01 0.000000000000000000e+00
1.218140000000000001e+01 0.000000000000000000e+00
